timestamp,open,high,low,close,volume
2021-10-14,82.0000,82.4400,79.5266,82.2400,19386
2021-10-13,81.8800,81.8800,80.6275,81.2600,8228
2021-10-12,81.5600,82.1700,81.1500,81.7300,23421
2021-10-11,83.0000,83.3990,81.2200,81.2300,16409
2021-10-08,82.5000,83.8500,82.5000,82.6700,15810
2021-10-07,82.8000,83.1400,82.1000,83.0000,31671
2021-10-06,82.0000,82.2100,80.7800,81.7300,10221
2021-10-05,81.2600,82.8200,80.5300,82.3200,23815
2021-10-04,80.5156,82.8700,80.1800,81.0000,30789
2021-10-01,81.0000,83.1100,78.5576,81.9200,40156
2021-09-30,81.5400,81.9500,80.2800,80.9100,20334
2021-09-29,80.5400,81.4000,80.0000,81.0700,19995
2021-09-28,79.3000,80.7021,78.0200,79.5000,22920
2021-09-27,78.6100,82.0000,78.6100,80.6300,37457
2021-09-24,78.5300,78.8400,77.9100,78.4400,21913
2021-09-23,76.5000,78.7200,76.5000,77.9200,23121
2021-09-22,74.8400,77.4099,74.8400,75.8100,27246
2021-09-21,75.8000,75.8000,74.2300,74.3800,21157
2021-09-20,75.9500,76.0100,74.4000,75.1300,49056
2021-09-17,75.4700,79.4400,74.6300,77.8500,224502
2021-09-16,76.7600,76.7600,75.0700,75.0800,25993
2021-09-15,75.9000,77.0850,75.3600,76.4900,31145
2021-09-14,77.1800,77.1800,75.4400,75.5700,34068
2021-09-13,76.0900,77.3200,75.5000,77.0200,46065
2021-09-10,77.3900,77.3900,75.2300,75.6100,26781
2021-09-09,77.2500,77.9500,76.6200,76.7800,43892
2021-09-08,77.6500,78.0700,76.4800,77.0600,28718
2021-09-07,79.4300,79.6100,77.4400,77.6700,39372
2021-09-03,79.9000,79.9000,78.3900,79.2400,30446
2021-09-02,80.0000,80.6400,78.3900,79.7600,24785
2021-09-01,79.9000,79.9000,78.1500,79.5700,27855
2021-08-31,79.1300,79.5900,78.2000,79.5900,36347
2021-08-30,80.7200,80.7200,78.0800,78.0800,22641
2021-08-27,77.5300,80.6400,77.5300,80.6200,39393
2021-08-26,78.9200,78.9200,77.3300,77.3300,23645
2021-08-25,77.0000,80.3400,77.0000,78.9100,24871
2021-08-24,79.8800,79.8800,78.6500,79.2700,17661
2021-08-23,80.5700,80.5700,79.4700,79.5200,22128
2021-08-20,78.0800,80.4000,78.0800,80.0100,29995
2021-08-19,79.7300,79.7300,78.0300,79.0100,25475
2021-08-18,80.0700,80.5000,78.7100,79.1300,17742
2021-08-17,80.5800,80.5800,78.5073,79.8000,16415
2021-08-16,80.7800,81.6900,79.7800,81.4400,19957
2021-08-13,81.7200,81.8000,80.5100,80.9500,23449
2021-08-12,81.7300,81.7300,80.4613,81.1200,18733
2021-08-11,79.6900,81.7900,78.6200,81.7600,26808
2021-08-10,78.6800,80.0000,77.3200,79.2000,21750
2021-08-09,78.5700,79.0000,77.9700,78.3200,17112
2021-08-06,77.8300,79.4900,77.8300,79.1400,21679
2021-08-05,76.0400,77.2153,76.0400,77.0800,14915
2021-08-04,75.7300,76.7600,75.5450,76.0100,21375
2021-08-03,75.7000,77.3300,74.9900,77.0600,51977
2021-08-02,76.5100,78.0100,75.0900,75.5900,35599
2021-07-30,76.8500,77.0500,76.0500,76.7500,23061
2021-07-29,77.2500,77.7500,76.6550,76.6900,19309
2021-07-28,76.4800,77.0500,75.3500,76.5600,24173
2021-07-27,75.3500,76.7200,75.3042,75.6900,22219
2021-07-26,75.6200,76.7400,75.6200,76.0500,16803
2021-07-23,74.2500,75.8750,74.2500,75.5400,21551
2021-07-22,75.7900,76.2487,73.8100,74.0700,23656
2021-07-21,76.0700,76.8900,75.6900,75.8500,23842
2021-07-20,73.7100,77.4800,73.7100,75.1400,55392
2021-07-19,73.8000,75.3200,73.1800,73.6300,39092
2021-07-16,77.5200,77.9800,75.3400,75.6200,34539
2021-07-15,74.7500,77.1300,74.7500,76.7100,32570
2021-07-14,76.3100,76.3100,75.6400,76.1000,22164
2021-07-13,77.2600,77.2600,76.0000,76.0100,28499
2021-07-12,77.0700,77.8000,76.1400,77.8000,19416
2021-07-09,75.4000,77.8501,75.4000,77.4000,33671
2021-07-08,74.0100,76.0500,73.5650,74.2000,49835
2021-07-07,74.7000,76.8450,74.4900,75.3300,47563
2021-07-06,76.9900,76.9900,74.4600,74.7300,33515
2021-07-02,78.3600,79.1800,76.7900,76.7900,21271
2021-07-01,78.0200,78.7500,77.9850,78.2800,20572
2021-06-30,77.5900,79.1850,77.4600,77.5600,36898
2021-06-29,78.4100,78.8300,77.9446,78.0300,17098
2021-06-28,80.2700,80.2700,77.7400,78.2000,36232
2021-06-25,80.4400,81.1395,79.9100,80.1400,152983
2021-06-24,79.5300,80.7200,79.2900,80.4600,23967
2021-06-23,79.9900,80.3550,79.4700,79.5300,32217
2021-06-22,79.5900,80.5800,79.1000,79.9900,29305
2021-06-21,78.7500,80.9000,78.7500,80.3300,36660
2021-06-18,79.1000,80.0000,77.5800,78.3800,118456
2021-06-17,83.5100,83.7300,80.6900,80.8300,39411
2021-06-16,82.7400,84.5600,82.0200,84.0900,27100
2021-06-15,83.2300,83.3300,81.4000,83.3300,27655
2021-06-14,83.1100,83.4200,80.9900,81.5100,34353
2021-06-11,83.3800,83.4200,82.6600,82.7200,15805
2021-06-10,84.1100,84.1100,82.4100,82.6300,29491
2021-06-09,84.5600,84.9700,82.9900,83.1200,25522
2021-06-08,83.9500,85.4800,83.7200,85.1700,30760
2021-06-07,83.1300,83.9900,82.7100,83.7900,22882
2021-06-04,82.4800,82.8900,82.2400,82.5000,24054
2021-06-03,81.2500,82.6300,81.1000,82.5400,28236
2021-06-02,82.4900,82.9600,80.8450,81.2200,29259
2021-06-01,82.7700,83.4200,80.7400,82.3100,49717
2021-05-28,82.5100,82.5100,80.3700,81.1500,27489
2021-05-27,81.2600,81.7400,80.4200,81.7100,31447
2021-05-26,79.5900,80.6150,78.5100,80.0200,28073
2021-05-25,81.0000,81.4000,78.4400,78.5000,50934
