timestamp,open,high,low,close,volume
2021-10-14,24.7200,24.7900,24.4800,24.7700,152196
2021-10-13,24.6600,24.6600,24.2051,24.4500,144047
2021-10-12,24.6400,24.8800,24.4500,24.7900,118388
2021-10-11,24.9100,24.9600,24.7100,24.7100,106394
2021-10-08,24.5800,24.7800,24.5410,24.7100,145025
2021-10-07,24.7200,24.8400,24.5100,24.6300,326894
2021-10-06,24.1300,24.7200,23.9200,24.7100,239858
2021-10-05,24.4000,24.4400,24.0700,24.3300,290359
2021-10-04,23.8500,24.3250,23.8500,24.2600,192849
2021-10-01,23.5500,23.9900,23.5000,23.8600,333220
2021-09-30,23.9700,23.9700,23.4350,23.4700,174613
2021-09-29,23.5200,23.8900,23.3900,23.7600,173813
2021-09-28,23.9300,24.0000,23.4600,23.5600,231750
2021-09-27,23.0700,23.9700,23.0100,23.7100,272240
2021-09-24,22.6700,23.1300,22.6700,22.8600,189985
2021-09-23,22.4400,22.9650,22.2600,22.7200,200462
2021-09-22,21.9500,22.4400,21.9500,22.2000,287404
2021-09-21,21.8800,21.9900,21.6900,21.7100,317336
2021-09-20,21.5900,21.8400,21.2600,21.7500,427389
2021-09-17,22.1900,22.4300,22.0200,22.2300,1303583
2021-09-16,22.4600,22.4600,22.0800,22.0800,267202
2021-09-15,22.1800,22.4700,22.0700,22.2600,319547
2021-09-14,22.5800,22.6200,21.9900,22.0900,310318
2021-09-13,22.2100,22.4800,22.1600,22.4000,239479
2021-09-10,22.3000,22.3000,21.9400,22.0000,291883
2021-09-09,21.9600,22.3600,21.9000,22.0900,260978
2021-09-08,22.0300,22.3000,21.9900,22.0200,340037
2021-09-07,22.0300,22.8950,22.0100,22.1800,372882
2021-09-03,21.9700,22.2500,21.6700,21.8500,228163
2021-09-02,21.9200,22.1900,21.8000,22.0000,208638
2021-09-01,22.0900,22.2400,21.6100,21.9000,154693
2021-08-31,21.9000,22.1300,21.7600,22.0700,152974
2021-08-30,22.2700,22.3700,21.8001,21.9100,208935
2021-08-27,21.8300,22.3700,21.7400,22.2900,193273
2021-08-26,21.9600,22.1200,21.7000,21.7100,142170
2021-08-25,22.0900,22.3400,21.9800,22.0000,180570
2021-08-24,22.0400,22.1400,21.9400,22.0300,203945
2021-08-23,22.0100,22.2100,21.9300,22.0800,153312
2021-08-20,21.4100,21.9000,21.3700,21.8900,176128
2021-08-19,21.4900,21.6300,21.2898,21.4600,304516
2021-08-18,21.8200,22.0500,21.6400,21.6900,166939
2021-08-17,21.9700,22.1700,21.6400,21.9600,160217
2021-08-16,22.1500,22.3200,21.7500,22.1000,110346
2021-08-13,22.5100,22.5100,22.1400,22.2500,96754
2021-08-12,22.7300,22.8300,22.3200,22.3800,157596
2021-08-11,22.5000,22.8800,22.3500,22.8800,130402
2021-08-10,22.1200,22.5400,22.0000,22.4400,174747
2021-08-09,22.3900,22.4100,22.0500,22.1700,101815
2021-08-06,22.3500,22.5300,22.2150,22.4600,139056
2021-08-05,21.6900,22.0600,21.6800,21.9600,149473
2021-08-04,21.4600,21.8200,21.4300,21.5100,182095
2021-08-03,21.5000,21.9600,21.2600,21.8800,266915
2021-08-02,22.1600,22.3100,21.4400,21.4700,276318
2021-07-30,23.5450,23.5450,21.5100,21.6000,258972
2021-07-29,21.8300,21.9600,21.5900,21.7600,197117
2021-07-28,21.4500,21.7800,21.1000,21.5800,163376
2021-07-27,21.0400,21.4500,20.9200,21.2700,192623
2021-07-26,21.2600,21.5900,21.1300,21.2800,130107
2021-07-23,21.1500,21.4650,20.9800,21.0700,150866
2021-07-22,21.6200,21.6200,20.9800,21.0000,140026
2021-07-21,21.7700,22.0300,21.6800,21.7400,158040
2021-07-20,21.1000,21.8900,20.9500,21.4600,351222
2021-07-19,21.2300,21.4700,20.8600,21.0400,295323
2021-07-16,22.4200,22.4200,21.7200,21.7800,192607
2021-07-15,21.7300,22.2700,21.7300,22.1700,154005
2021-07-14,22.0200,22.3600,21.7700,21.9400,169095
2021-07-13,22.3400,22.4100,21.8300,21.9500,223878
2021-07-12,21.9500,22.4900,21.8500,22.4900,316930
2021-07-09,22.1000,22.4100,21.9800,22.2300,229879
2021-07-08,21.6000,21.9100,21.3900,21.6200,351337
2021-07-07,21.8200,22.3900,21.8200,22.0600,369794
2021-07-06,22.6500,22.6500,21.8100,22.1100,199639
2021-07-02,23.1400,23.1400,22.6100,22.6600,184509
2021-07-01,23.0900,23.2000,22.8600,23.1400,254343
2021-06-30,22.7100,23.0300,22.7100,22.8900,229128
2021-06-29,23.2300,23.2750,22.8000,22.9000,220629
2021-06-28,23.6400,23.6400,22.7700,22.9700,301823
2021-06-25,23.8000,23.8800,23.5400,23.8800,1519223
2021-06-24,23.4500,23.7500,23.2000,23.7300,230444
2021-06-23,23.4700,23.6500,23.2900,23.3100,347050
2021-06-22,23.6400,23.7200,23.2000,23.4600,186545
2021-06-21,23.2000,23.9300,23.2000,23.7400,258268
2021-06-18,23.3900,23.9100,22.7400,22.9600,679170
2021-06-17,25.0300,25.0300,23.7500,23.8500,369838
2021-06-16,24.6500,25.1100,24.3100,24.9500,205293
2021-06-15,24.6600,24.8600,24.3050,24.7700,231838
2021-06-14,24.6900,24.9300,24.2500,24.5800,218498
2021-06-11,24.7100,24.8700,24.4300,24.7100,185588
2021-06-10,25.1500,25.2700,24.5000,24.5500,225585
2021-06-09,25.1500,25.1500,24.7900,24.8600,302564
2021-06-08,24.9600,25.4300,24.8700,25.3200,159318
2021-06-07,25.2600,25.4800,25.1000,25.2300,143522
2021-06-04,25.2300,25.5300,25.0300,25.2500,199642
2021-06-03,25.1800,25.2600,24.9500,25.1900,159221
2021-06-02,25.4200,25.4700,25.0700,25.1800,171211
2021-06-01,25.4000,25.5750,25.2600,25.4700,353011
2021-05-28,25.4400,25.4500,24.9500,25.2600,269832
2021-05-27,25.0500,25.3700,24.8900,25.2700,213238
2021-05-26,24.4600,24.8750,24.2950,24.8400,189739
2021-05-25,25.2400,25.5450,24.3000,24.3400,366388
