timestamp,open,high,low,close,volume
2021-10-14,161.7500,164.0100,160.0600,163.4700,15180727
2021-10-13,164.0700,165.4100,160.6000,161.0000,22753485
2021-10-12,165.7500,166.6898,164.7700,165.3600,13032633
2021-10-11,170.8000,171.2900,166.4600,166.6400,12154737
2021-10-08,170.0200,171.3400,169.2950,170.2200,8190144
2021-10-07,171.2000,171.5100,169.5400,170.0900,10195443
2021-10-06,167.9900,169.1000,166.0000,169.0200,8692607
2021-10-05,167.2100,170.1400,166.6700,168.6600,12292877
2021-10-04,166.9700,170.4370,165.7300,166.9500,14120044
2021-10-01,164.0000,168.3000,163.6000,167.1300,11284976
2021-09-30,166.9200,166.9900,162.7900,163.6900,13168016
2021-09-29,166.2100,166.9000,165.0400,165.9500,7777078
2021-09-28,167.7000,169.3000,165.6600,166.0800,13387886
2021-09-27,165.0000,167.4000,164.6100,166.9800,13220871
2021-09-24,161.4400,163.5900,160.8200,163.0400,10102432
2021-09-23,158.0000,161.7100,157.6700,161.1800,12336136
2021-09-22,155.2000,157.2500,155.1000,155.9100,11236150
2021-09-21,153.5300,154.5500,152.5774,152.9800,8999860
2021-09-20,153.8900,154.5600,150.4900,152.9600,15819905
2021-09-17,157.3800,159.0100,157.0000,157.6800,25608018
2021-09-16,159.4100,160.8550,157.2200,158.0900,10880895
2021-09-15,156.7200,158.6900,156.4700,158.1600,11691485
2021-09-14,160.4500,161.3400,156.2600,157.0700,11685606
2021-09-13,158.5300,160.0500,158.0700,159.8600,10052807
2021-09-10,160.5600,160.7193,157.2200,157.3600,8311551
2021-09-09,158.2700,160.8325,158.0800,159.1900,7904256
2021-09-08,158.8900,159.5800,158.0400,158.5000,7852678
2021-09-07,159.9900,161.3814,158.9600,159.2100,9290968
2021-09-03,160.3900,160.8900,159.1450,159.4900,7961223
2021-09-02,160.0200,161.6100,159.4300,160.4600,8815634
2021-09-01,160.2200,160.7600,158.9700,159.7200,8729920
2021-08-31,160.4400,161.3700,159.3500,159.9500,12340838
2021-08-30,163.2100,163.4900,159.8801,160.4400,7937561
2021-08-27,161.7500,163.1600,161.2600,163.0500,8780185
2021-08-26,162.2600,163.8300,161.1500,161.7500,11027451
2021-08-25,158.5100,161.7800,157.8000,160.9200,11335040
2021-08-24,157.0000,158.5500,156.8700,157.6700,7670925
2021-08-23,155.3300,157.0900,155.2400,156.7000,7934587
2021-08-20,154.3500,154.9000,153.1600,154.7200,6974102
2021-08-19,153.1600,155.5600,153.0100,154.2800,9517737
2021-08-18,156.3100,158.0100,155.3400,155.5800,8065493
2021-08-17,157.5700,158.8600,155.2700,157.0100,9347213
2021-08-16,158.9400,159.0300,156.7800,158.9300,8759767
2021-08-13,161.7900,162.1600,159.5700,159.9800,8953523
2021-08-12,161.8800,162.3700,160.5539,161.7900,8849610
2021-08-11,160.0000,161.5000,159.0800,161.1600,9156458
2021-08-10,156.7400,159.9750,156.3100,159.2600,8666998
2021-08-09,157.5200,158.5500,155.9000,157.3300,9516867
2021-08-06,155.1900,157.8200,155.1100,157.5000,13328750
2021-08-05,152.2800,153.6900,152.0100,153.1500,9151499
2021-08-04,151.2500,153.3700,150.9100,151.2400,10154973
2021-08-03,151.9500,153.3200,149.5200,152.8900,10394804
2021-08-02,152.0300,154.4500,151.0700,151.1700,10203157
2021-07-30,152.5800,153.6700,151.2000,151.7800,9805241
2021-07-29,153.1400,153.8700,151.9100,153.0000,9048750
2021-07-28,152.2900,152.7700,150.8800,151.7000,9217294
2021-07-27,150.4000,152.4900,149.8000,151.4500,11218727
2021-07-26,150.1900,151.9600,150.1700,151.6500,8207990
2021-07-23,151.4800,152.8400,150.2500,150.6400,9666101
2021-07-22,152.8800,153.4400,149.9700,150.9300,9913322
2021-07-21,152.0500,153.6500,151.3600,152.8600,12356686
2021-07-20,146.5200,151.1200,146.3278,149.7100,15385158
2021-07-19,148.5500,149.8230,145.7100,146.9700,22172865
2021-07-16,155.9600,156.2800,151.0200,151.9100,14002741
2021-07-15,153.9000,156.5300,153.7000,155.4600,11539263
2021-07-14,155.9500,157.2800,152.9500,155.1200,14622833
2021-07-13,156.0500,157.3900,153.5001,155.6500,22671744
2021-07-12,154.3500,159.1612,153.9400,158.0000,19940363
2021-07-09,153.0500,156.1500,152.5800,155.7700,13694523
2021-07-08,151.6100,152.5300,150.0400,150.9400,17834574
2021-07-07,152.0100,154.2829,151.5500,153.5900,12271789
2021-07-06,155.7800,155.7800,152.3450,153.4100,15083360
2021-07-02,155.9500,156.3200,155.1200,156.0300,11431349
2021-07-01,156.2600,157.1400,155.4150,157.0800,10479389
2021-06-30,153.7500,156.0800,153.7097,155.5400,12530993
2021-06-29,155.0000,156.3100,153.6100,154.1400,14528708
2021-06-28,153.7000,154.4800,152.1203,154.3300,14125837
2021-06-25,152.5900,154.4950,151.6686,154.0500,15484922
2021-06-24,151.9200,153.1200,151.2200,152.5100,13733186
2021-06-23,150.2000,152.0400,150.0900,151.1200,12733326
2021-06-22,150.6000,150.9700,148.6600,150.2100,14251160
2021-06-21,149.0800,151.2020,149.0201,150.4300,18664796
2021-06-18,149.3000,149.7000,147.5600,147.9200,43595659
2021-06-17,157.1000,157.4600,151.2500,151.7600,29722421
2021-06-16,154.7300,157.6200,153.1100,156.2700,24773291
2021-06-15,156.7000,156.9200,154.1300,155.1800,24485479
2021-06-14,160.1500,160.3300,156.6550,157.5700,19917855
2021-06-11,160.4300,161.1990,159.0600,160.2900,13683774
2021-06-10,164.3600,165.2400,160.3100,160.4000,12119419
2021-06-09,164.1400,164.2200,162.2800,162.9400,12377367
2021-06-08,164.4900,165.7600,163.1618,165.0000,10370719
2021-06-07,167.0000,167.1000,165.1400,165.6600,7267196
2021-06-04,166.2100,166.6700,165.0300,166.4400,8510831
2021-06-03,165.4100,167.2450,164.6610,166.1700,13354653
2021-06-02,167.2600,167.4400,165.5300,166.0600,10498568
2021-06-01,165.8700,166.9100,165.4800,166.0500,9445366
2021-05-28,164.6800,164.9400,163.2600,164.2400,10294700
2021-05-27,163.9500,164.7500,162.5700,164.3500,15707512
2021-05-26,163.5700,163.7400,161.3050,161.8300,13058340
2021-05-25,163.8500,165.7000,161.5600,161.8500,12609084
