timestamp,open,high,low,close,volume
2021-10-14,53.1000,53.3100,52.2900,53.2200,3190915
2021-10-13,53.2300,53.2600,52.1400,52.4200,2955293
2021-10-12,52.4600,53.0800,52.2200,52.9200,2001776
2021-10-11,53.2850,54.3269,52.3300,52.4400,2107463
2021-10-08,53.1400,53.8699,52.6900,53.0000,1804282
2021-10-07,53.4700,54.4400,52.7700,52.9600,3051780
2021-10-06,53.0000,53.9600,52.4900,53.6900,2259691
2021-10-05,53.7200,53.9400,52.9900,53.6000,1871852
2021-10-04,52.0700,53.2600,51.9800,53.1600,2718890
2021-10-01,51.4100,52.1600,50.8100,51.9200,2264094
2021-09-30,51.7600,51.9652,50.9600,51.0500,2523652
2021-09-29,52.3400,52.3400,51.1500,51.6200,2190398
2021-09-28,53.6100,54.4500,51.8700,52.0200,2763282
2021-09-27,52.7600,53.6200,52.4300,53.6200,2693203
2021-09-24,52.7200,53.2700,52.3000,52.3700,3873488
2021-09-23,52.7300,53.6100,52.6700,53.0500,1810501
2021-09-22,52.2600,53.0000,52.0800,52.1800,2281797
2021-09-21,51.5900,51.9900,50.8900,51.5400,2242083
2021-09-20,50.8400,51.4299,50.2800,51.3500,3254291
2021-09-17,52.9800,53.2800,52.0500,52.4700,5592863
2021-09-16,52.8100,53.3400,52.5500,52.5600,2401583
2021-09-15,51.9200,52.7000,51.7300,52.4700,2625580
2021-09-14,52.8200,53.6000,51.5900,51.7400,2824277
2021-09-13,52.1500,52.9350,51.7000,52.8300,4218797
2021-09-10,51.2200,51.6400,50.9500,51.0300,2351405
2021-09-09,49.9900,51.5500,49.8300,50.7400,3086422
2021-09-08,50.0800,50.1400,49.1000,49.8400,2671407
2021-09-07,50.8600,51.3000,50.1400,50.1700,2784004
2021-09-03,51.6400,51.7400,50.5500,51.0600,3693001
2021-09-02,52.6600,52.7100,51.6700,51.8900,2669729
2021-09-01,52.8200,53.1100,52.1400,52.4900,2901706
2021-08-31,51.7600,53.1100,51.7100,52.9000,3690595
2021-08-30,53.8300,53.9800,51.8600,51.9000,2716438
2021-08-27,52.3700,53.5550,52.2500,53.5400,2114226
2021-08-26,53.7700,53.9100,51.9850,52.2500,3529798
2021-08-25,52.3000,53.8100,52.1900,53.5600,2636570
2021-08-24,51.8200,52.5000,51.5700,52.1600,2887985
2021-08-23,51.6700,52.5000,51.4900,51.5500,3053344
2021-08-20,51.4100,51.6100,50.5350,51.2600,3377124
2021-08-19,51.4200,52.1700,50.4201,51.2100,3300239
2021-08-18,52.1700,53.5600,51.9200,52.3100,2659691
2021-08-17,53.1900,53.5000,52.0450,52.3900,3216862
2021-08-16,53.9500,54.2000,53.4000,53.7400,1763563
2021-08-13,54.3700,54.8200,54.1800,54.4900,1787213
2021-08-12,54.3100,54.5750,53.7800,54.2900,1812959
2021-08-11,53.7800,54.3200,53.0700,54.2100,2327684
2021-08-10,51.9300,53.8550,51.7900,53.6600,3570271
2021-08-09,51.7200,52.1900,51.2400,51.7900,2572897
2021-08-06,51.8700,52.4850,51.5100,52.0700,2278640
2021-08-05,50.7300,51.4600,50.6600,51.1500,2269449
2021-08-04,50.3900,51.1400,50.1100,50.3800,2797115
2021-08-03,51.1500,51.3100,49.4500,50.9700,2749420
2021-08-02,51.8100,52.4500,50.8800,51.1200,2322665
2021-07-30,51.5700,52.5800,51.0900,51.3600,2405490
2021-07-29,51.7300,52.6150,51.6050,52.1900,2344744
2021-07-28,51.5600,51.7250,50.4000,51.0600,2508849
2021-07-27,51.2700,51.9800,51.0500,51.3500,2294952
2021-07-26,51.9500,52.8936,51.7100,51.9200,3217845
2021-07-23,52.5400,53.0550,51.6500,51.7900,2142329
2021-07-22,52.4300,52.5600,51.6630,52.1100,2934675
2021-07-21,51.7200,52.9649,51.4500,52.5200,3591054
2021-07-20,47.2000,51.1100,47.0600,50.9000,7308203
2021-07-19,48.4300,48.5200,46.9100,47.9800,7034008
2021-07-16,51.4700,51.4900,49.9742,50.0900,2533976
2021-07-15,50.5000,51.2800,50.2100,51.0200,4468334
2021-07-14,52.3900,52.7000,51.0300,51.1300,3935192
2021-07-13,51.7400,51.9800,51.2900,51.4100,2875323
2021-07-12,50.8900,52.4850,50.4716,51.8600,2814546
2021-07-09,50.0600,51.3650,50.0200,51.2800,2703147
2021-07-08,48.9600,49.6500,47.8900,48.9400,3814785
2021-07-07,49.2800,50.2300,49.1800,50.0500,2413161
2021-07-06,50.7000,50.7400,49.2100,49.6000,3581665
2021-07-02,50.8000,50.9800,50.4600,50.5500,1960519
2021-07-01,50.0000,50.6500,49.7900,50.3700,2220505
2021-06-30,49.3400,50.1900,49.2100,49.8400,1760483
2021-06-29,50.5300,50.8100,49.4100,49.4800,3464120
2021-06-28,50.6400,50.6400,49.8500,50.2200,2640794
2021-06-25,50.9200,51.3700,50.6500,50.7500,5744261
2021-06-24,50.6200,50.9300,50.0200,50.7600,2336105
2021-06-23,49.4800,50.4400,49.4000,50.1900,2717318
2021-06-22,49.9700,50.1100,49.2100,49.3500,4363397
2021-06-21,49.9800,50.3500,49.6102,50.2300,3339612
2021-06-18,49.3200,49.8400,48.7300,49.5100,8559131
2021-06-17,53.0900,53.2400,49.7750,50.2900,4950012
2021-06-16,53.4300,53.4950,52.4300,52.9500,3416736
2021-06-15,53.4200,53.9850,53.0600,53.8300,3592361
2021-06-14,54.5200,54.7500,53.2600,53.4100,4067049
2021-06-11,54.4200,54.8200,54.3000,54.7900,3515691
2021-06-10,55.3700,55.6000,53.8650,53.9700,3506670
2021-06-09,54.9700,55.2200,54.3000,54.6900,2822084
2021-06-08,54.7000,55.4700,54.2900,55.2600,3226920
2021-06-07,55.4500,55.6100,54.8200,55.0300,2025830
2021-06-04,55.2500,55.4650,54.6800,55.2900,2033609
2021-06-03,55.4900,55.5100,54.7100,55.1400,5213861
2021-06-02,56.3900,56.6100,54.9300,55.6600,4154955
2021-06-01,55.2900,56.2300,55.1750,56.1500,3815151
2021-05-28,54.7600,55.0000,53.9300,54.7100,3657394
2021-05-27,54.3800,54.8800,53.9674,54.7700,7069900
2021-05-26,53.0000,53.6300,53.0000,53.4500,3790239
2021-05-25,53.5700,54.4100,53.0300,53.0800,3787121
