timestamp,open,high,low,close,volume
2021-10-14,33.6000,33.6300,33.1800,33.5600,324184
2021-10-13,34.0700,34.1350,33.0400,33.1500,310532
2021-10-12,33.9300,34.3100,33.4700,34.1000,555021
2021-10-11,34.5500,34.7600,33.8900,33.8900,480517
2021-10-08,34.2000,34.9200,34.2000,34.3300,360637
2021-10-07,34.7000,35.2000,34.0900,34.3900,897535
2021-10-06,34.2700,34.4800,33.4400,34.3400,493799
2021-10-05,34.0900,34.8000,33.6900,34.7400,917177
2021-10-04,33.1700,34.1100,33.1400,33.8900,817241
2021-10-01,32.9500,33.5000,32.4900,33.1500,880164
2021-09-30,32.7400,33.3100,32.4800,32.7400,850605
2021-09-29,32.4600,32.7200,32.1500,32.5300,882779
2021-09-28,32.6800,33.0600,32.2277,32.4200,490301
2021-09-27,31.9100,32.7600,31.7000,32.4600,980834
2021-09-24,31.4400,31.9600,31.2100,31.5700,565971
2021-09-23,30.9300,31.7400,30.7100,31.3400,495103
2021-09-22,31.2900,31.4100,30.5400,30.5700,752307
2021-09-21,31.2200,31.3600,30.7587,30.8900,1072830
2021-09-20,30.9600,31.3200,30.3400,30.8900,1349355
2021-09-17,31.5000,32.3400,31.1400,31.5700,2859355
2021-09-16,32.6100,33.8950,31.7800,32.0000,3708904
2021-09-15,28.0000,28.7300,28.0000,28.6000,247130
2021-09-14,28.8900,28.8900,27.8300,28.0800,234731
2021-09-13,28.3900,28.8700,28.0600,28.8300,209906
2021-09-10,29.4500,29.4500,28.1200,28.1500,190345
2021-09-09,28.9600,29.7100,28.7900,29.2500,219151
2021-09-08,29.6800,29.7600,28.8590,29.0700,219128
2021-09-07,29.8500,30.4100,29.7100,29.9300,238383
2021-09-03,30.3200,30.6000,29.5700,29.7600,223548
2021-09-02,30.3700,30.5900,30.0600,30.3700,258068
2021-09-01,30.9800,30.9800,30.2350,30.3600,99412
2021-08-31,30.7000,31.2200,30.4400,30.9600,231016
2021-08-30,31.7300,31.7300,30.7500,30.7600,145317
2021-08-27,30.6000,31.6100,30.6000,31.5600,187205
2021-08-26,31.4100,31.5500,30.5900,30.6000,130846
2021-08-25,31.6700,31.8500,31.2800,31.2800,261530
2021-08-24,31.5400,31.6000,31.3400,31.4500,105414
2021-08-23,31.5300,31.8100,31.4000,31.5100,100365
2021-08-20,30.5600,31.2900,30.5600,31.2600,146408
2021-08-19,30.6000,30.9100,30.2450,30.6200,220830
2021-08-18,31.2100,31.7700,30.9900,31.0800,226007
2021-08-17,31.3100,31.9400,31.1250,31.3800,167232
2021-08-16,31.5100,31.8600,31.0750,31.6900,163644
2021-08-13,32.4250,32.4250,31.8200,31.8500,100505
2021-08-12,32.8300,32.9000,32.2500,32.4700,144696
2021-08-11,32.4150,33.0100,31.9350,32.9900,224385
2021-08-10,31.6600,32.2900,31.5500,32.2200,182283
2021-08-09,31.8000,32.4400,31.4950,31.8400,194714
2021-08-06,31.6300,32.3900,31.4300,32.1000,338915
2021-08-05,30.9900,31.2700,30.8700,31.0700,220636
2021-08-04,30.6600,31.3400,30.6500,30.7100,159815
2021-08-03,30.6200,31.3300,30.1700,31.3300,325571
2021-08-02,30.8400,31.9700,30.1910,30.3500,250987
2021-07-30,31.4300,32.0500,30.7400,30.8000,326999
2021-07-29,31.0000,31.3500,30.1700,30.9700,221693
2021-07-28,30.2500,30.7000,29.6300,30.4000,167525
2021-07-27,29.4000,30.0600,29.3000,29.9400,163842
2021-07-26,29.6200,30.2200,29.6200,29.8900,149438
2021-07-23,29.5700,29.9400,29.2100,29.4900,249691
2021-07-22,29.7700,29.8600,28.9600,29.1800,195545
2021-07-21,29.7800,30.2900,29.7800,29.9300,190999
2021-07-20,28.3800,30.0800,28.2800,29.2500,366720
2021-07-19,28.7400,29.2300,27.8600,28.4300,465547
2021-07-16,31.0700,31.1700,29.6400,29.7100,187364
2021-07-15,30.1000,31.0200,29.9600,30.7300,311494
2021-07-14,30.6800,31.2300,30.0872,30.4300,335537
2021-07-13,31.3500,31.4000,30.3000,30.6200,352171
2021-07-12,31.1800,31.6000,30.7501,31.6000,501269
2021-07-09,30.8400,31.8950,30.6000,31.8200,339100
2021-07-08,29.9800,30.7000,29.4900,30.0800,398396
2021-07-07,30.4300,31.2200,30.0500,30.6100,361363
2021-07-06,32.0000,32.0000,30.6100,30.7800,226866
2021-07-02,32.7000,32.8200,31.9900,32.0400,205235
2021-07-01,33.1000,33.3793,32.6200,32.7200,223656
2021-06-30,32.6800,33.0200,32.6800,32.7900,210993
2021-06-29,33.3100,33.4800,32.9000,32.9800,248468
2021-06-28,34.3900,34.7700,32.8500,33.0600,285274
2021-06-25,34.7600,35.0500,34.4950,34.7100,817857
2021-06-24,34.2900,34.7900,34.0000,34.7700,215728
2021-06-23,34.2600,34.6300,34.0800,34.0900,317440
2021-06-22,34.0100,34.2300,33.5000,34.1200,209235
2021-06-21,32.8400,34.2500,32.8400,34.0700,424998
2021-06-18,34.2000,34.2000,32.2300,32.5000,1144325
2021-06-17,34.9000,35.1800,33.1000,33.2400,487192
2021-06-16,34.0900,35.0400,33.9500,34.6500,349993
2021-06-15,33.6800,34.5100,33.6561,34.2300,252249
2021-06-14,34.1000,34.2000,33.3719,33.6800,370523
2021-06-11,33.9500,34.1800,33.8100,34.0000,237815
2021-06-10,34.7200,35.0500,33.7700,33.7700,440551
2021-06-09,34.2700,34.2886,33.9050,34.2000,360467
2021-06-08,33.8700,34.7100,33.8300,34.5300,299689
2021-06-07,33.6200,34.1400,33.3600,34.1300,505845
2021-06-04,33.6400,33.7000,33.2300,33.6100,141049
2021-06-03,33.6400,33.9300,33.4200,33.7700,156909
2021-06-02,33.9900,34.0400,33.5400,33.6600,255969
2021-06-01,33.6100,34.2500,33.3500,33.9400,374120
2021-05-28,33.5600,33.5600,32.9260,33.4600,149263
2021-05-27,33.6300,34.0000,33.3100,33.5700,232361
2021-05-26,32.5400,33.2400,32.4200,33.1100,217613
2021-05-25,33.6000,34.0000,32.4800,32.4800,243204
