timestamp,open,high,low,close,volume
2021-10-14,90.7800,92.1400,90.1600,91.7100,1498323
2021-10-13,90.9200,90.9200,88.7400,89.6100,2116584
2021-10-12,91.1800,91.9400,90.2600,90.6300,2350906
2021-10-11,91.2900,92.6500,90.7800,90.9700,1884965
2021-10-08,89.2300,91.9200,89.2100,91.2000,1856990
2021-10-07,90.3700,90.5900,89.0200,89.0800,1972517
2021-10-06,87.5100,88.7344,86.9700,88.4700,2148856
2021-10-05,86.7100,89.0500,86.4100,88.7200,2983860
2021-10-04,86.3700,87.4600,85.7000,86.1200,1544589
2021-10-01,85.0000,87.1400,84.5100,86.4100,1428833
2021-09-30,86.5400,87.0000,84.6900,84.7200,1408800
2021-09-29,87.2900,87.5300,85.7600,86.5400,1285098
2021-09-28,88.4000,89.5500,86.7300,86.8100,2122217
2021-09-27,86.9900,89.2200,86.9900,88.4700,2313268
2021-09-24,85.7200,86.8150,85.5400,85.7400,5686778
2021-09-23,84.1200,87.1600,84.0700,85.8600,2587052
2021-09-22,82.9000,84.1800,82.7800,83.1500,1833680
2021-09-21,83.1000,83.3500,81.5100,81.6900,1810476
2021-09-20,82.3900,83.2400,80.8300,82.4500,3496924
2021-09-17,87.2900,87.6500,84.0901,84.8200,7098990
2021-09-16,88.3200,88.8000,86.8900,87.0500,2752772
2021-09-15,86.9400,88.5000,86.7300,87.9200,3266825
2021-09-14,88.8500,88.8500,86.3100,86.5700,4651395
2021-09-13,88.2500,88.9600,87.4410,88.3000,3545048
2021-09-10,88.4400,88.5300,87.2400,87.5600,8363778
2021-09-09,87.0000,89.5000,86.5301,87.8900,2179544
2021-09-08,89.8000,89.8200,87.1100,87.3100,3881651
2021-09-07,92.8600,92.8700,88.4450,89.4300,4181717
2021-09-03,92.5800,93.4000,92.2800,92.8900,1873367
2021-09-02,92.2300,92.9600,91.9800,92.6900,1212935
2021-09-01,93.1300,93.1300,91.6100,91.8700,1614516
2021-08-31,92.4200,93.3300,92.3200,92.9100,2270335
2021-08-30,94.5600,94.6400,92.1101,92.5100,1070511
2021-08-27,92.5200,94.5200,92.2200,94.2800,1509555
2021-08-26,92.0800,92.7600,91.4900,92.5000,2148158
2021-08-25,90.3600,92.3800,89.7500,92.0000,2741499
2021-08-24,88.5900,89.9652,88.2900,89.5700,1189654
2021-08-23,86.8000,88.3600,86.8000,88.1200,1189288
2021-08-20,85.4300,86.2800,85.0300,86.0900,1551937
2021-08-19,86.0400,86.3800,84.7200,85.5000,1644778
2021-08-18,87.7800,89.0500,87.1521,87.3500,1745750
2021-08-17,89.1200,89.4350,87.4500,88.1500,1637456
2021-08-16,89.9600,90.5100,89.0310,90.0600,1638318
2021-08-13,91.2500,91.6000,90.7500,90.7900,1280547
2021-08-12,91.6200,91.9900,90.8300,91.4600,1250107
2021-08-11,91.7500,92.6250,90.9500,92.0100,1233927
2021-08-10,90.3300,91.7300,90.1600,91.2800,1106506
2021-08-09,89.4000,91.3700,88.8500,90.5700,1013055
2021-08-06,89.0200,90.5200,88.5400,90.0000,1516607
2021-08-05,87.2400,87.5450,86.7000,87.4900,1335696
2021-08-04,87.0700,87.7200,86.5200,86.5900,1346917
2021-08-03,87.4000,88.3500,85.7500,88.0200,1324673
2021-08-02,87.8700,89.2900,86.7300,87.0100,1393453
2021-07-30,87.6400,88.3100,86.6400,87.1400,1398413
2021-07-29,86.9800,88.3950,86.3000,87.9600,1299773
2021-07-28,86.0400,87.0400,85.1100,86.2400,1294366
2021-07-27,85.4150,86.6400,84.8100,85.7000,1467929
2021-07-26,85.0200,86.1800,85.0200,86.1600,1587100
2021-07-23,86.0000,86.5900,84.7600,85.3500,1850067
2021-07-22,84.8500,85.0500,84.1400,84.8900,2296665
2021-07-21,83.8900,85.4600,83.7000,85.1300,1639764
2021-07-20,79.5900,83.2600,79.1900,82.8100,2044943
2021-07-19,82.2300,82.8100,79.4000,79.6300,2711465
2021-07-16,83.7250,85.2900,82.4174,84.3400,3925112
2021-07-15,81.4100,82.9900,81.0400,81.9700,2278491
2021-07-14,83.3100,84.4800,81.8200,82.4700,1776276
2021-07-13,84.3000,84.8300,83.1000,83.6000,1308173
2021-07-12,83.6800,84.8800,83.0000,84.3200,1313109
2021-07-09,81.5700,84.2850,81.4700,84.1100,2239275
2021-07-08,80.2500,80.7700,79.1950,79.5900,1563273
2021-07-07,81.3900,81.9600,80.4300,81.4000,1178964
2021-07-06,84.2600,84.3150,81.6500,81.9000,2336517
2021-07-02,83.8200,84.4600,83.6300,84.3000,2046317
2021-07-01,83.0400,84.1100,82.3850,83.8200,1590985
2021-06-30,81.1700,82.4200,80.9500,82.2800,1588742
2021-06-29,83.1500,83.3500,81.9000,82.2000,1655849
2021-06-28,82.8000,83.3500,81.6100,82.1000,1815865
2021-06-25,82.0800,83.8690,81.7800,83.2300,2350632
2021-06-24,81.3000,82.2300,80.7000,81.8600,1978024
2021-06-23,81.0100,81.7000,80.8400,80.9800,1391296
2021-06-22,81.7000,81.8100,80.2000,80.6900,1638732
2021-06-21,79.7400,81.6700,79.5700,81.6100,2088807
2021-06-18,80.9700,81.7300,78.6300,78.8500,6110592
2021-06-17,87.9800,88.1900,82.4200,82.7800,3718015
2021-06-16,85.5200,88.7000,84.9300,87.2100,4066506
2021-06-15,85.0800,86.0500,84.8100,85.7900,2226548
2021-06-14,83.5000,85.5600,83.0400,84.7900,3192938
2021-06-11,83.7800,84.4700,83.5000,83.7400,1829683
2021-06-10,85.7100,85.9100,83.6000,83.6400,1765118
2021-06-09,85.5000,85.6500,84.5000,84.5700,1887151
2021-06-08,85.8900,86.6300,84.8700,86.0600,2224502
2021-06-07,87.2500,87.2600,86.3800,86.4100,1569847
2021-06-04,86.9000,87.1200,85.6600,86.9000,1402394
2021-06-03,86.9400,87.7400,86.5500,87.0900,1013757
2021-06-02,87.7200,88.0100,86.6050,87.0700,1753103
2021-06-01,88.3000,88.7150,87.4800,87.9800,1330568
2021-05-28,87.0000,87.2550,86.1200,86.9800,1846604
2021-05-27,87.2600,88.1500,86.7600,86.9900,2727219
2021-05-26,85.8500,87.0100,85.0900,86.2900,2190080
2021-05-25,86.7800,87.7600,85.1400,85.3600,1562732
