timestamp,open,high,low,close,volume
2021-10-14,8.2100,8.3400,8.0500,8.1900,92870
2021-10-13,8.2500,8.4000,8.1300,8.1900,110847
2021-10-12,8.3600,8.4952,8.0000,8.0000,65921
2021-10-11,8.5000,8.6700,8.3200,8.3400,52853
2021-10-08,8.6300,8.7700,8.4500,8.5100,28464
2021-10-07,8.3500,8.6200,8.2600,8.4900,51422
2021-10-06,8.2400,8.3950,8.1500,8.3500,45831
2021-10-05,8.3500,8.4000,8.1100,8.2300,27293
2021-10-04,8.3900,8.5000,7.6800,8.4200,150665
2021-10-01,8.9100,8.9400,8.2500,8.3500,281865
2021-09-30,8.9100,8.9600,8.7100,8.9000,34453
2021-09-29,8.9200,8.9800,8.7500,8.9000,22062
2021-09-28,8.8100,9.2400,8.8100,8.8900,44309
2021-09-27,8.8200,9.0189,8.7950,8.9300,70289
2021-09-24,9.2300,9.4000,8.8800,8.9100,33439
2021-09-23,8.7200,9.4500,8.7200,9.2400,94921
2021-09-22,8.8500,8.9400,8.7300,8.7900,44638
2021-09-21,9.0800,9.0800,8.8000,8.8400,56463
2021-09-20,9.0700,9.4600,8.9500,9.0800,83707
2021-09-17,9.2300,9.5065,9.0000,9.1200,234319
2021-09-16,9.1000,9.6000,8.9300,9.4200,49614
2021-09-15,9.1000,9.4200,8.7300,9.1400,148979
2021-09-14,9.7000,9.7000,9.1100,9.1500,32461
2021-09-13,9.1600,9.8140,9.1200,9.2600,68110
2021-09-10,9.3800,9.4000,8.9800,9.0000,85710
2021-09-09,9.4300,9.4300,8.8900,9.3400,185801
2021-09-08,9.4900,9.5600,9.0000,9.3100,101741
2021-09-07,9.8800,9.8800,9.3900,9.4400,131107
2021-09-03,9.8200,9.9499,9.7300,9.7800,19557
2021-09-02,9.7700,9.9100,9.7000,9.7500,55095
2021-09-01,9.9300,9.9500,9.7000,9.7400,78484
2021-08-31,9.8800,9.9200,9.6100,9.7400,75357
2021-08-30,10.0200,10.2500,9.8400,9.8600,76983
2021-08-27,10.1400,10.4500,9.7900,9.9300,73020
2021-08-26,10.1300,10.3800,9.9800,10.0200,99656
2021-08-25,10.2600,10.3600,9.7500,10.0200,121706
2021-08-24,10.0800,10.2400,9.8000,10.1700,99183
2021-08-23,10.0600,10.2500,9.9500,10.0800,86285
2021-08-20,10.1600,10.3900,9.6700,9.9700,119747
2021-08-19,10.0300,10.8100,9.9400,10.2700,80219
2021-08-18,10.4400,10.6000,10.0000,10.0000,66340
2021-08-17,10.4200,10.7700,10.2600,10.5400,42627
2021-08-16,10.7900,10.8000,10.0900,10.1900,85073
2021-08-13,10.8700,11.4300,10.7500,10.8100,49287
2021-08-12,10.7200,11.1500,10.7200,10.9200,93646
2021-08-11,11.0000,11.3900,10.9400,11.1800,97709
2021-08-10,10.8800,11.2871,10.8400,11.0800,42423
2021-08-09,11.2900,11.3000,10.8600,10.8700,101206
2021-08-06,10.8300,11.3400,10.8300,11.0800,180184
2021-08-05,10.3200,10.9900,9.9836,10.9400,79639
2021-08-04,10.1600,10.4400,10.0300,10.4400,120064
2021-08-03,10.0600,10.3600,9.8950,10.3300,34360
2021-08-02,10.2300,10.3200,10.0500,10.2600,27480
2021-07-30,10.3600,10.4700,10.0000,10.0300,88259
2021-07-29,10.1700,10.6300,10.1700,10.3600,35385
2021-07-28,9.7700,10.3300,9.6500,10.3300,72188
2021-07-27,9.9000,9.9400,9.4200,9.5300,60516
2021-07-26,10.1300,10.4200,9.8800,9.8800,71948
2021-07-23,10.1400,10.5000,10.0900,10.1300,83681
2021-07-22,10.3600,10.5900,10.2000,10.2000,36132
2021-07-21,11.2400,11.2400,10.4100,10.4100,33532
2021-07-20,11.0000,11.1600,10.8300,10.9000,43155
2021-07-19,10.5300,10.9900,10.2700,10.9000,62160
2021-07-16,11.7000,11.7000,10.6400,10.6400,34043
2021-07-15,11.6100,11.7700,11.1900,11.3000,23819
2021-07-14,11.8400,11.9100,11.5000,11.7600,30421
2021-07-13,12.0300,12.0900,11.9000,11.9000,27047
2021-07-12,12.4200,12.4200,12.0900,12.2800,27973
2021-07-09,11.9100,12.2299,11.9100,11.9800,26481
2021-07-08,11.7100,12.2500,11.4800,11.9700,43973
2021-07-07,11.9100,12.0200,11.7400,11.8200,35425
2021-07-06,12.3500,12.3500,11.8200,11.9500,89643
2021-07-02,12.5500,12.6400,12.2700,12.2700,42976
2021-07-01,12.3100,12.7300,12.3100,12.5500,21228
2021-06-30,12.5800,13.2226,12.1400,12.4400,44374
2021-06-29,12.4700,12.8000,12.3501,12.7500,41061
2021-06-28,12.5600,13.0300,12.3400,12.3400,19425
2021-06-25,13.4900,13.4900,12.3400,12.8400,57962
2021-06-24,12.5200,13.3500,12.5200,12.8900,55848
2021-06-23,12.4600,12.6800,12.2900,12.3700,15880
2021-06-22,12.2500,12.5000,12.1300,12.2500,62415
2021-06-21,12.2900,12.5500,12.2200,12.2600,49624
2021-06-18,12.9000,12.9500,12.2700,12.2700,62416
2021-06-17,13.4500,13.8164,12.9600,12.9800,79468
2021-06-16,13.2300,13.8725,13.1300,13.3900,29253
2021-06-15,13.6300,14.0899,13.1101,13.2800,61304
2021-06-14,14.0100,14.1600,13.5000,13.7100,79814
2021-06-11,14.4000,14.5270,13.8700,14.0400,56826
2021-06-10,13.8900,14.6200,13.6100,14.3700,203183
2021-06-09,13.4200,14.0000,13.4200,13.9100,67172
2021-06-08,13.5000,13.7200,13.1200,13.4400,48880
2021-06-07,13.3500,13.6400,13.0800,13.3000,45949
2021-06-04,12.8100,13.3600,12.8100,13.3000,67493
2021-06-03,13.3000,13.3000,12.8000,12.9900,89251
2021-06-02,12.8600,13.4600,12.6600,12.7300,61670
2021-06-01,12.9100,13.0000,12.3400,12.7600,55322
2021-05-28,12.2000,12.8500,12.2000,12.8500,39903
2021-05-27,12.4600,12.9400,12.2500,12.3300,34142
2021-05-26,12.3400,12.7000,12.2000,12.5000,57714
2021-05-25,12.0700,12.7400,12.0700,12.5300,57072
