timestamp,open,high,low,close,volume
2021-10-14,11.8900,12.0300,11.7800,12.0100,2627088
2021-10-13,11.7500,11.8000,11.4600,11.7400,2167527
2021-10-12,11.7700,11.8900,11.7000,11.7800,2983597
2021-10-11,12.1500,12.1750,11.8100,11.8200,1575341
2021-10-08,11.9100,12.1300,11.8800,12.0300,2489130
2021-10-07,11.8500,11.9800,11.8150,11.9100,2210976
2021-10-06,11.7800,11.8050,11.5750,11.7500,2899218
2021-10-05,11.9100,11.9450,11.7500,11.8800,3705590
2021-10-04,11.8400,12.0098,11.7600,11.8200,2377357
2021-10-01,11.7000,11.9250,11.6000,11.8400,3660081
2021-09-30,11.9700,11.9700,11.6100,11.6200,2926546
2021-09-29,11.7200,11.9200,11.6300,11.8700,2154931
2021-09-28,11.9600,11.9900,11.7000,11.7200,2455855
2021-09-27,11.5200,11.9600,11.5000,11.8900,4400616
2021-09-24,11.2100,11.3900,11.1900,11.3600,2120766
2021-09-23,10.9700,11.3268,10.9450,11.2200,2259464
2021-09-22,10.8600,11.0000,10.8150,10.8500,2225233
2021-09-21,10.8100,10.8400,10.6100,10.6800,1440630
2021-09-20,10.6700,10.7600,10.5050,10.7400,2772189
2021-09-17,10.9800,11.1000,10.9200,10.9600,5728872
2021-09-16,11.1200,11.1450,10.8900,11.0000,1718244
2021-09-15,10.8500,11.0950,10.8400,11.0300,2039683
2021-09-14,11.1800,11.2000,10.7900,10.8400,1667758
2021-09-13,11.1400,11.2250,11.0150,11.1700,1810612
2021-09-10,11.2700,11.2800,11.0000,11.0100,1922502
2021-09-09,11.0800,11.3250,11.0290,11.1800,2071903
2021-09-08,11.1800,11.2600,11.0500,11.1100,3530741
2021-09-07,11.4000,11.4950,11.2500,11.2500,1766269
2021-09-03,11.4800,11.5200,11.3221,11.3500,2158269
2021-09-02,11.4300,11.5800,11.4000,11.4600,1500168
2021-09-01,11.6900,11.7050,11.4800,11.5800,2715790
2021-08-31,11.5700,11.7300,11.5600,11.6800,2945821
2021-08-30,11.8700,11.8900,11.5400,11.5500,1965472
2021-08-27,11.5600,11.9200,11.5500,11.8900,3866715
2021-08-26,11.8400,11.8400,11.5700,11.5700,1619527
2021-08-25,11.7000,11.9450,11.6400,11.7900,2398659
2021-08-24,11.5000,11.6600,11.4700,11.6500,1548740
2021-08-23,11.5100,11.6000,11.4300,11.5000,1903703
2021-08-20,11.1900,11.4550,11.1700,11.4400,2257348
2021-08-19,11.3700,11.4900,11.1700,11.2200,2621346
2021-08-18,11.4500,11.6700,11.3750,11.5000,2378975
2021-08-17,11.5400,11.6851,11.3950,11.4900,1541963
2021-08-16,11.6500,11.7900,11.5400,11.6800,1207718
2021-08-13,11.8600,11.8799,11.6600,11.7200,1963108
2021-08-12,12.0000,12.0000,11.7700,11.8500,1592079
2021-08-11,11.8600,11.9700,11.7200,11.9600,2503803
2021-08-10,11.6600,11.8850,11.6500,11.8200,1721208
2021-08-09,11.7300,11.9150,11.6200,11.7200,2754738
2021-08-06,11.7500,11.9150,11.7100,11.8100,2676070
2021-08-05,11.5200,11.6250,11.5050,11.5800,1429338
2021-08-04,11.3600,11.5750,11.3299,11.4000,1635338
2021-08-03,11.4700,11.6200,11.2200,11.5600,1974991
2021-08-02,11.5400,11.7900,11.3500,11.3500,1890911
2021-07-30,11.5200,11.6700,11.4147,11.4600,2332340
2021-07-29,11.6550,11.7150,11.4900,11.5800,1588449
2021-07-28,11.5300,11.6550,11.3100,11.5600,2113608
2021-07-27,11.3300,11.5000,11.2400,11.4500,1559877
2021-07-26,11.4300,11.6050,11.3700,11.4600,2778307
2021-07-23,11.4500,11.5400,11.3100,11.4100,1813217
2021-07-22,11.5300,11.5700,11.2400,11.3100,2021378
2021-07-21,11.5300,11.7400,11.4900,11.5800,2682157
2021-07-20,10.9000,11.5950,10.8700,11.3500,4536193
2021-07-19,10.9400,11.1200,10.8150,10.9100,4666274
2021-07-16,11.9300,11.9600,11.3600,11.4100,2325332
2021-07-15,11.6000,11.9250,11.5100,11.8100,3171772
2021-07-14,11.7700,11.9500,11.6000,11.7400,3299524
2021-07-13,11.8600,12.0199,11.6650,11.7400,7503833
2021-07-12,11.9600,12.2000,11.8100,12.2000,1724174
2021-07-09,11.9100,12.1500,11.8250,12.1300,2336101
2021-07-08,11.5900,11.7750,11.4100,11.6200,2835279
2021-07-07,11.7400,11.9600,11.7100,11.8500,1453108
2021-07-06,12.1700,12.2400,11.8100,11.9000,1738998
2021-07-02,12.3800,12.4200,12.2200,12.2500,1289023
2021-07-01,12.4400,12.5500,12.3500,12.4300,1634941
2021-06-30,12.2600,12.4150,12.2500,12.3300,1527862
2021-06-29,12.5400,12.6300,12.2600,12.3000,1312807
2021-06-28,12.6900,12.6900,12.3250,12.4000,1901630
2021-06-25,12.6000,12.8300,12.4800,12.7500,2903799
2021-06-24,12.3500,12.5450,12.2400,12.5300,1634092
2021-06-23,12.3500,12.4000,12.2750,12.3000,1119006
2021-06-22,12.2900,12.3250,12.0977,12.2700,1603562
2021-06-21,12.0200,12.3900,12.0000,12.3300,2125872
2021-06-18,12.0200,12.1900,11.8000,11.8400,5881501
2021-06-17,13.2000,13.2200,12.2600,12.2600,3138573
2021-06-16,12.8400,13.2000,12.7100,13.1000,1901987
2021-06-15,12.8300,13.0650,12.7300,12.9500,1950681
2021-06-14,13.0700,13.1200,12.7100,12.7600,2023455
2021-06-11,12.9700,13.1250,12.9400,13.0300,1478664
2021-06-10,13.3400,13.3400,12.8900,12.8900,1429093
2021-06-09,13.2800,13.3000,13.1400,13.1600,1157756
2021-06-08,13.2100,13.4450,13.0850,13.4000,1715963
2021-06-07,13.3500,13.4150,13.2650,13.3400,1177244
2021-06-04,13.3800,13.4000,13.1900,13.3200,1219578
2021-06-03,13.3400,13.4700,13.2799,13.4100,1481751
2021-06-02,13.5900,13.5900,13.3150,13.3500,1244476
2021-06-01,13.4700,13.5500,13.4250,13.5300,1445852
2021-05-28,13.3900,13.4600,13.1100,13.4100,1726574
2021-05-27,13.4400,13.5200,13.3500,13.5000,2475465
2021-05-26,13.0200,13.2500,12.9600,13.2500,1660358
2021-05-25,13.4300,13.5300,13.0000,13.0000,1820033
