timestamp,open,high,low,close,volume
2021-10-14,44.3700,45.1000,43.4800,45.0700,82201013
2021-10-13,43.5500,43.6350,42.3300,43.1400,43907977
2021-10-12,43.6700,44.0000,43.2700,43.5400,36898283
2021-10-11,44.6000,44.8050,43.7500,43.7800,36283507
2021-10-08,44.0700,44.8100,43.9200,44.3400,39389385
2021-10-07,44.7900,44.8700,44.0300,44.1200,46258843
2021-10-06,43.8500,44.2900,43.5500,44.2400,47031650
2021-10-05,43.7700,44.7500,43.6700,44.2200,54070663
2021-10-04,43.1100,44.0650,43.0700,43.3400,48273432
2021-10-01,42.4800,43.4300,42.3900,43.0800,40987055
2021-09-30,43.3500,43.3500,42.2300,42.4500,47410812
2021-09-29,43.1800,43.3200,42.7400,43.0700,44260237
2021-09-28,43.4300,44.0400,43.0600,43.1600,60781198
2021-09-27,42.6800,43.4300,42.6400,43.2600,49755388
2021-09-24,41.7200,42.3400,41.6500,42.1400,39042262
2021-09-23,40.7600,41.8750,40.6500,41.6900,49779810
2021-09-22,39.7500,40.5200,39.7500,40.1400,46261392
2021-09-21,39.2700,39.6000,38.9350,39.1300,38271079
2021-09-20,39.3800,39.4600,38.3600,39.1100,67566156
2021-09-17,40.3400,40.6650,40.0800,40.5000,92752611
2021-09-16,40.4800,40.8100,40.1950,40.4500,42922048
2021-09-15,39.7300,40.3400,39.6700,40.1400,52358196
2021-09-14,41.1300,41.3100,39.6600,39.8400,53820433
2021-09-13,40.6000,40.9600,40.3450,40.9400,42036327
2021-09-10,41.2200,41.3500,40.2400,40.2700,40514695
2021-09-09,40.6600,41.3500,40.5600,40.9300,36266417
2021-09-08,41.0800,41.4900,40.6800,40.7800,36064444
2021-09-07,41.2500,41.8500,41.1800,41.3200,43756169
2021-09-03,41.0200,41.1900,40.6800,41.0500,41818455
2021-09-02,41.1100,41.4850,40.6400,41.0200,44562366
2021-09-01,41.7500,41.7800,41.0300,41.1900,52361938
2021-08-31,41.6700,42.0739,41.3600,41.7500,54654600
2021-08-30,42.6300,42.6300,41.6250,41.6600,44855624
2021-08-27,42.1200,42.6450,41.9400,42.4900,46468554
2021-08-26,42.5000,42.8400,42.0200,42.0400,41184514
2021-08-25,41.6600,42.4500,41.5350,42.1500,51219944
2021-08-24,41.1000,41.6799,41.0400,41.4800,35579304
2021-08-23,40.6300,41.1000,40.6000,40.9100,35364530
2021-08-20,40.0900,40.4700,39.9100,40.3700,40414979
2021-08-19,40.1200,40.6650,40.0100,40.1900,51883938
2021-08-18,40.7700,41.5300,40.6600,40.7900,50342507
2021-08-17,41.0500,41.5650,40.6221,41.0900,43526919
2021-08-16,41.1600,41.3000,40.6100,41.2900,38607213
2021-08-13,42.0900,42.2300,41.4300,41.6300,40217694
2021-08-12,42.2300,42.2850,41.7700,42.1500,37412913
2021-08-11,41.6000,42.1900,41.4750,41.9500,58458232
2021-08-10,40.7100,41.6200,40.5800,41.4300,44987250
2021-08-09,40.0500,40.9600,39.8013,40.6700,56340112
2021-08-06,39.4700,40.4100,39.4700,40.1500,58022277
2021-08-05,38.5700,39.0600,38.5500,39.0200,34754524
2021-08-04,38.0300,38.7700,37.8600,38.2700,42289825
2021-08-03,38.0600,38.6300,37.5500,38.5500,39680560
2021-08-02,38.4000,38.9500,37.9100,37.9600,49894049
2021-07-30,38.5100,38.8288,38.0500,38.3600,46210135
2021-07-29,38.5500,38.9800,38.3700,38.6800,42804947
2021-07-28,38.1900,38.5000,37.7500,38.1300,43331090
2021-07-27,37.7200,38.2400,37.4600,37.9800,39121369
2021-07-26,37.6600,38.2400,37.6600,38.1300,32258003
2021-07-23,38.2000,38.2700,37.5600,37.7000,48659409
2021-07-22,38.3600,38.4000,37.6800,37.9600,52715586
2021-07-21,38.0500,38.7700,37.9800,38.4600,49907367
2021-07-20,36.8600,38.1200,36.6100,37.6900,59462867
2021-07-19,36.7500,37.2500,36.5100,36.9300,83251487
2021-07-16,39.2200,39.2900,37.5900,37.9200,60469682
2021-07-15,38.3900,39.3300,38.3200,38.8300,54697343
2021-07-14,39.1100,39.5500,37.7900,38.8600,105651706
2021-07-13,40.4800,40.4800,39.5800,39.8600,54338086
2021-07-12,39.7900,40.8100,39.6366,40.6300,42624454
2021-07-09,39.6500,40.2400,39.4000,40.0400,43887235
2021-07-08,38.6200,39.2350,38.4800,38.7800,52793075
2021-07-07,39.5700,40.0000,39.3600,39.7500,43499868
2021-07-06,40.8100,40.8800,39.8700,40.0700,47578664
2021-07-02,41.3700,41.4700,41.1000,41.1500,28993974
2021-07-01,41.5600,41.7002,41.2050,41.5400,28045093
2021-06-30,40.7600,41.3550,40.7200,41.2300,29159782
2021-06-29,41.6300,41.9500,40.7500,40.8900,38519613
2021-06-28,41.4600,41.5800,41.1000,41.5600,34416478
2021-06-25,41.2700,41.8300,40.8400,41.6200,53178846
2021-06-24,40.4400,41.0100,40.1800,40.8300,37161804
2021-06-23,40.1600,40.4200,40.0700,40.2000,32039930
2021-06-22,39.8800,40.2600,39.2800,39.9700,44113247
2021-06-21,39.1200,39.7800,39.0300,39.7500,48119374
2021-06-18,39.0100,39.3000,38.4900,38.7800,102774160
2021-06-17,42.0200,42.1000,39.7200,39.8000,80728191
2021-06-16,41.2800,41.9850,40.6700,41.6200,63559189
2021-06-15,41.2800,41.5600,40.9000,41.3900,39247942
2021-06-14,41.8500,41.9050,41.0600,41.3600,36050674
2021-06-11,41.8100,41.8900,41.5100,41.8600,31203614
2021-06-10,42.7600,42.9599,41.6150,41.6900,40123631
2021-06-09,42.4700,42.7300,42.1100,42.3200,42366332
2021-06-08,42.8600,43.2400,42.4250,42.8800,41871447
2021-06-07,43.2700,43.3900,43.0600,43.1200,28401875
2021-06-04,43.2400,43.3900,42.8300,43.2700,37192604
2021-06-03,42.7700,43.4900,42.6800,43.2500,46981200
2021-06-02,43.1000,43.1700,42.6000,42.9400,34180477
2021-06-01,42.9500,43.2800,42.7650,42.9200,42890652
2021-05-28,42.6600,42.7050,42.0500,42.3900,38509710
2021-05-27,42.4800,42.8450,42.1150,42.5500,52981095
2021-05-26,42.0200,42.2500,41.6600,42.0400,41332752
2021-05-25,42.6900,43.2550,41.9300,42.0100,52657668
