timestamp,open,high,low,close,volume
2021-10-14,70.9600,71.5000,70.4500,71.4500,117856
2021-10-13,71.0400,71.2400,69.9750,70.2700,114384
2021-10-12,70.6100,71.2300,70.3000,71.0700,112300
2021-10-11,72.2800,72.4400,70.8300,70.8400,156653
2021-10-08,71.5600,72.2800,71.3963,71.9100,170870
2021-10-07,70.9900,71.7300,70.8100,71.5800,176938
2021-10-06,70.1400,70.7000,68.9600,70.5800,201325
2021-10-05,70.9100,71.3500,69.7100,70.7700,278460
2021-10-04,69.4500,70.5800,69.0200,70.2800,221226
2021-10-01,68.9500,69.8600,68.1900,69.2400,380766
2021-09-30,69.7900,69.7900,68.4200,68.4200,188032
2021-09-29,68.5000,69.7400,67.9300,69.3100,193461
2021-09-28,69.0100,69.7199,67.9500,68.2700,193764
2021-09-27,67.7100,69.5100,67.5050,68.6500,173140
2021-09-24,66.0600,67.6600,66.0600,67.2500,193655
2021-09-23,66.3000,67.4600,66.3000,66.5000,151701
2021-09-22,66.2300,66.4050,65.5300,65.6300,167517
2021-09-21,66.1600,66.3300,65.5100,65.5300,165733
2021-09-20,65.8200,66.0200,65.0000,65.7300,296819
2021-09-17,66.3900,67.6000,66.0450,67.1300,926496
2021-09-16,67.3800,67.3800,65.6300,66.0800,166685
2021-09-15,67.3200,68.0650,66.7300,66.8900,203364
2021-09-14,68.1800,68.1800,66.3800,66.9900,304104
2021-09-13,68.2700,68.9900,67.5900,68.5900,272792
2021-09-10,69.4900,69.5700,67.5600,67.8000,205685
2021-09-09,69.7900,70.4700,69.1100,69.1600,216461
2021-09-08,70.5100,70.8650,69.5100,69.9400,167741
2021-09-07,71.9800,72.4400,70.9500,71.0100,146561
2021-09-03,72.4900,73.1400,71.8000,71.9800,149119
2021-09-02,73.5000,73.7900,72.6900,72.7700,132138
2021-09-01,74.2700,74.2700,73.0400,73.4700,100913
2021-08-31,73.6200,74.4700,73.1600,74.0000,103953
2021-08-30,75.3600,75.3600,73.2600,73.3700,121724
2021-08-27,72.9900,75.3750,72.9900,75.1600,233023
2021-08-26,73.9700,74.0500,72.9000,72.9100,119373
2021-08-25,73.9900,74.9800,73.8100,73.8300,170846
2021-08-24,74.8300,75.0300,73.9900,74.1600,94198
2021-08-23,74.3600,74.9300,74.1250,74.6000,97509
2021-08-20,73.1700,74.3150,72.9250,74.1600,146139
2021-08-19,72.9600,73.6100,72.5500,73.0700,154173
2021-08-18,74.0600,74.8200,73.4900,73.5900,123441
2021-08-17,74.3500,75.0050,73.5300,74.5300,112035
2021-08-16,74.6200,75.1500,73.9650,75.0000,90475
2021-08-13,75.4800,75.5850,74.6300,75.1200,94577
2021-08-12,76.1300,76.3700,75.3300,75.5300,140141
2021-08-11,75.3500,76.0200,74.9000,76.0000,108177
2021-08-10,74.1900,75.4500,73.9900,75.4500,108214
2021-08-09,74.2400,75.4250,73.7500,74.3900,128256
2021-08-06,73.6300,74.7400,73.5100,74.5800,173995
2021-08-05,72.0300,72.4900,71.7400,72.4800,77389
2021-08-04,71.4000,72.2250,71.3700,71.4500,94665
2021-08-03,71.3400,72.6400,70.6907,72.5500,182112
2021-08-02,71.9500,73.6500,71.1850,71.3700,214209
2021-07-30,72.4000,73.6000,71.2900,71.6400,385480
2021-07-29,73.0000,73.1000,72.2600,72.4200,114583
2021-07-28,72.0200,72.9800,71.1900,72.4500,160416
2021-07-27,71.4400,72.6700,71.4000,71.9200,146382
2021-07-26,72.6300,73.5800,71.9705,72.4100,144896
2021-07-23,71.4200,72.0200,70.8300,71.7600,142417
2021-07-22,72.0900,72.0900,70.4000,70.7300,134257
2021-07-21,72.0400,73.2000,71.8850,72.0000,122606
2021-07-20,70.8100,73.4400,70.8100,71.4700,281200
2021-07-19,70.5500,71.3900,70.0500,70.7000,209200
2021-07-16,74.2500,74.2500,71.8400,72.1000,148930
2021-07-15,71.8900,73.6900,71.8900,73.6700,149195
2021-07-14,73.0100,73.3200,72.0000,72.6800,139090
2021-07-13,73.8300,74.5600,72.7000,72.9100,124716
2021-07-12,73.1100,74.2900,72.8100,74.2600,223217
2021-07-09,73.1700,74.1800,72.8750,74.0600,146078
2021-07-08,72.0500,72.9400,71.3500,71.8900,235654
2021-07-07,72.7100,74.5700,72.7100,73.4400,230801
2021-07-06,74.6400,74.7100,72.7600,73.3600,149083
2021-07-02,76.1800,76.1800,74.8300,74.9200,124700
2021-07-01,76.0900,76.4400,75.7100,76.1100,105001
2021-06-30,75.4200,76.1400,75.3200,75.6500,154181
2021-06-29,76.5000,77.0100,75.5100,75.8200,108433
2021-06-28,77.8700,78.3200,75.6800,76.0700,200490
2021-06-25,78.5100,79.1350,78.2100,78.4600,419902
2021-06-24,77.5400,78.3800,76.6950,78.2700,142748
2021-06-23,77.7000,78.0200,77.0800,77.1800,207495
2021-06-22,77.6400,78.3600,76.5100,77.6700,103512
2021-06-21,76.3100,78.5900,76.0150,77.8500,206852
2021-06-18,77.4000,77.7500,75.3100,75.3800,454681
2021-06-17,81.4700,81.5100,78.0200,78.2000,236092
2021-06-16,79.4400,81.5300,78.6200,81.0800,205936
2021-06-15,78.7000,80.4800,78.2800,79.7600,156561
2021-06-14,78.4200,79.0800,77.9200,78.3900,200963
2021-06-11,79.2500,79.6200,78.4700,78.8100,108178
2021-06-10,80.6200,80.7650,78.9100,78.9500,101921
2021-06-09,80.7400,81.2400,79.8100,80.0100,149363
2021-06-08,80.1400,81.7500,80.0500,81.2900,118374
2021-06-07,80.5100,80.9300,80.1600,80.7700,108804
2021-06-04,80.5800,80.8000,79.8150,80.5400,95753
2021-06-03,80.2300,81.0500,79.8500,80.5800,143163
2021-06-02,81.7700,81.7700,80.3300,80.3300,134388
2021-06-01,81.6900,82.1000,81.0800,81.5200,191965
2021-05-28,80.8700,81.6700,79.9100,81.1200,101828
2021-05-27,80.7800,81.3400,80.2500,80.8700,263733
2021-05-26,79.3400,80.2850,78.8000,79.9000,139929
2021-05-25,80.8500,81.6100,78.8500,78.8900,157481
