timestamp,open,high,low,close,volume
2021-10-14,208.1500,210.8200,207.3000,210.3400,881630
2021-10-13,199.9600,206.8300,197.3433,204.8500,928297
2021-10-12,201.5300,203.4500,200.0200,200.7300,626909
2021-10-11,205.0000,207.6650,201.9100,201.9300,569728
2021-10-08,201.7700,206.7600,200.9100,204.0300,583973
2021-10-07,203.3800,204.9500,202.0100,202.9300,998953
2021-10-06,200.6300,201.6300,197.6550,201.2200,744407
2021-10-05,199.1000,202.3500,198.0300,201.7900,590059
2021-10-04,197.5700,199.5000,194.5100,197.4900,692711
2021-10-01,193.7900,198.7500,192.6400,197.8000,638560
2021-09-30,195.4800,195.9600,192.1400,192.8800,705777
2021-09-29,193.3900,195.5800,192.3000,194.8300,907555
2021-09-28,199.3600,200.1200,191.9050,192.2900,882601
2021-09-27,199.6000,202.0900,198.7200,199.8100,777461
2021-09-24,195.8500,197.9950,195.1900,197.6100,993017
2021-09-23,194.8100,196.9100,193.5300,195.8400,1469327
2021-09-22,193.6300,194.9100,192.5300,192.6400,1112088
2021-09-21,194.2100,194.6500,191.4300,192.2500,694870
2021-09-20,195.2000,196.6300,190.7500,192.8300,837762
2021-09-17,201.7500,203.9800,199.5100,200.0400,1092961
2021-09-16,201.8800,202.9150,199.2300,200.9200,386514
2021-09-15,200.0700,201.7150,199.2500,200.5700,448277
2021-09-14,201.5200,202.3550,198.6200,199.6300,484774
2021-09-13,200.0700,202.0300,198.5101,201.5300,586793
2021-09-10,199.0600,199.6850,197.4000,197.5500,593783
2021-09-09,197.9700,200.0700,197.2700,197.4700,496723
2021-09-08,197.9100,198.1500,195.8000,197.6600,337169
2021-09-07,201.9200,202.8600,198.7500,198.7600,444921
2021-09-03,201.8900,203.4600,201.2900,202.1300,404708
2021-09-02,199.6700,202.8600,198.6400,201.7500,380732
2021-09-01,199.0700,199.8350,196.7450,198.7200,410528
2021-08-31,198.3200,199.6100,197.7300,198.9400,520056
2021-08-30,202.9900,203.0000,198.1800,198.1900,418198
2021-08-27,199.0000,203.0000,198.9300,202.9200,587398
2021-08-26,201.1600,201.1600,198.0400,198.3800,355783
2021-08-25,198.3000,201.0900,197.6100,200.3600,548681
2021-08-24,196.0900,198.0600,196.0900,197.4300,407321
2021-08-23,195.9000,196.6100,194.6200,195.2600,340718
2021-08-20,194.1600,194.8100,191.0200,194.6000,485182
2021-08-19,193.2700,195.7550,192.4100,194.4600,669726
2021-08-18,196.1600,198.8000,194.7700,194.9300,603644
2021-08-17,199.5200,200.4200,195.0000,197.3900,634734
2021-08-16,197.7400,201.1000,195.0150,201.0900,657949
2021-08-13,199.8600,200.5400,197.5950,198.8500,307406
2021-08-12,202.8700,204.2100,200.1000,200.1600,421242
2021-08-11,198.7900,203.3300,197.3000,203.1200,1029177
2021-08-10,197.4500,199.3400,196.6700,197.2500,1835705
2021-08-09,202.9900,204.2200,201.5000,202.7600,700053
2021-08-06,201.4700,204.6800,200.4800,203.7500,454428
2021-08-05,196.2500,199.2400,196.0000,199.1600,338655
2021-08-04,194.9600,197.5645,193.5000,195.7200,444345
2021-08-03,195.2400,196.8900,191.7300,196.3100,353711
2021-08-02,195.5500,198.3200,193.2200,194.0800,516764
2021-07-30,197.7200,199.4900,194.4700,195.0200,567384
2021-07-29,198.6900,200.4700,197.0000,198.5100,514888
2021-07-28,195.2100,198.9900,194.3839,197.6200,526702
2021-07-27,194.3800,196.9200,193.7700,194.9900,587051
2021-07-26,197.0900,198.4800,194.1100,195.9300,381027
2021-07-23,196.0000,197.4100,194.9500,196.9300,425115
2021-07-22,196.5900,197.2000,193.2300,194.5700,415640
2021-07-21,194.5700,196.7500,193.4000,196.0900,733261
2021-07-20,187.7900,196.4600,187.7900,193.4700,784570
2021-07-19,191.9300,192.7600,187.1700,188.5100,898935
2021-07-16,200.3300,200.3300,194.1000,195.5300,950887
2021-07-15,195.4000,200.0000,195.2500,199.8200,968724
2021-07-14,197.0300,202.0700,195.0100,197.1300,883513
2021-07-13,195.4800,199.7000,194.1500,196.9400,1180326
2021-07-12,192.8900,198.0900,192.2200,196.9900,808444
2021-07-09,189.7300,194.9300,188.8961,194.4900,847282
2021-07-08,186.9400,188.1500,184.2700,186.4500,923750
2021-07-07,188.1000,191.1600,187.7700,189.5800,642298
2021-07-06,189.3700,190.5500,187.2900,189.2700,635640
2021-07-02,189.6100,191.3400,188.2200,190.5500,529383
2021-07-01,188.0100,189.8200,186.7700,189.7600,557038
2021-06-30,185.6000,187.8300,185.4500,187.1700,657186
2021-06-29,188.0000,189.2900,185.2600,185.9600,622860
2021-06-28,187.9100,187.9100,184.4600,186.6700,825190
2021-06-25,186.7400,189.5900,185.5400,188.6500,610607
2021-06-24,184.5000,185.8300,183.2000,185.1900,1138102
2021-06-23,184.9800,185.9900,183.1500,184.5000,500431
2021-06-22,183.5900,185.1000,181.8000,183.9400,901526
2021-06-21,180.3400,184.2300,179.7600,183.6000,779384
2021-06-18,178.5800,180.2000,177.4200,178.3500,1507874
2021-06-17,187.9500,188.0150,180.3400,181.3900,974093
2021-06-16,186.1100,187.6100,183.3500,186.6100,1029556
2021-06-15,186.4100,187.5850,184.2800,187.3200,663243
2021-06-14,190.2600,190.5100,184.7600,186.1800,1110444
2021-06-11,192.1800,193.0700,190.1400,190.7700,643743
2021-06-10,196.7700,197.3800,191.9200,191.9300,583210
2021-06-09,193.4400,195.2600,192.8500,194.6500,509309
2021-06-08,193.3600,195.7850,192.1000,195.0300,439150
2021-06-07,195.3200,195.5500,193.8000,194.4800,346107
2021-06-04,193.9100,195.2900,193.0200,195.0200,317543
2021-06-03,192.6000,195.3800,192.5800,194.1200,500692
2021-06-02,193.7800,193.7800,191.3400,192.8900,457423
2021-06-01,194.5200,194.5200,190.7300,191.5800,624433
2021-05-28,192.2600,192.7600,189.9100,191.4400,472844
2021-05-27,190.7300,192.1600,190.3800,191.6600,499089
2021-05-26,189.7100,189.7100,187.4250,188.5300,401125
2021-05-25,190.7100,192.0500,187.8700,188.2700,516744
