timestamp,open,high,low,close,volume
2021-10-14,57.0800,57.2200,56.1600,57.1900,605658
2021-10-13,56.4000,56.5800,55.0800,56.4000,747085
2021-10-12,55.6800,56.6200,55.5200,56.5300,669522
2021-10-11,56.8800,57.0800,55.9600,56.0200,809024
2021-10-08,56.1200,56.8700,55.9000,56.5000,493536
2021-10-07,56.4600,56.7800,55.9900,56.4200,454071
2021-10-06,55.6500,55.8300,54.0900,55.7900,650948
2021-10-05,56.8600,57.0800,55.9800,56.2800,894745
2021-10-04,56.0700,56.8000,55.6050,56.3000,734576
2021-10-01,54.7300,56.3700,54.6450,56.0700,679849
2021-09-30,55.0300,55.1550,54.2700,54.4600,1024891
2021-09-29,54.3500,54.7800,53.7500,54.6100,702079
2021-09-28,54.7600,55.0400,53.9400,54.0500,775835
2021-09-27,52.5600,54.8300,52.3550,54.4200,780864
2021-09-24,50.7100,51.9000,50.5200,51.6500,673197
2021-09-23,48.9700,50.9400,48.8400,50.8900,542027
2021-09-22,48.0000,48.8900,47.8350,48.3900,474515
2021-09-21,47.1900,47.5900,46.7200,47.3100,697996
2021-09-20,47.0700,47.3250,45.9200,46.9900,712091
2021-09-17,49.3100,49.8900,48.5300,48.6900,2056604
2021-09-16,49.6300,49.9300,48.8310,49.0700,397718
2021-09-15,48.0500,49.3690,48.0500,49.3200,470981
2021-09-14,49.3300,49.4700,47.7400,48.1400,690398
2021-09-13,49.1900,49.8100,48.7850,49.3800,569960
2021-09-10,49.5900,49.6100,48.5500,48.6000,423280
2021-09-09,48.5000,49.5800,48.4000,49.2100,462442
2021-09-08,49.0900,49.3400,48.5000,48.6900,299181
2021-09-07,49.8900,50.7500,49.4100,49.4800,407514
2021-09-03,50.3000,50.5400,49.4600,49.7200,561834
2021-09-02,49.8000,50.4700,49.5450,50.1200,475003
2021-09-01,50.5800,50.5800,49.5100,49.8900,442931
2021-08-31,50.1200,51.0100,49.6900,50.5200,685790
2021-08-30,51.5800,51.6950,49.9500,50.0000,469824
2021-08-27,49.7400,51.5300,49.7400,51.4900,443599
2021-08-26,50.6200,50.6700,49.5700,49.6000,325278
2021-08-25,50.2000,51.3200,49.9200,50.4500,479373
2021-08-24,49.3900,50.1200,49.3500,50.0400,618497
2021-08-23,49.0500,49.5200,48.7200,49.2200,480970
2021-08-20,47.3200,48.7400,47.0200,48.7000,471834
2021-08-19,48.1500,48.7000,46.7700,47.3200,917895
2021-08-18,48.9750,49.9300,48.5500,48.8600,528248
2021-08-17,50.0800,50.0800,48.5400,49.1900,717618
2021-08-16,50.3600,50.8100,49.7100,50.6400,1005823
2021-08-13,51.6500,51.7200,50.3950,50.5500,950842
2021-08-12,52.0000,52.3200,50.8850,51.4400,825618
2021-08-11,51.7100,52.0000,50.8200,51.8900,908313
2021-08-10,50.6900,51.5900,50.0700,51.5500,1575580
2021-08-09,50.4500,51.4100,50.0000,50.7700,1516557
2021-08-06,50.0000,51.3000,49.7100,50.7400,815760
2021-08-05,48.2500,49.1500,48.2500,48.9700,676632
2021-08-04,47.8200,48.8400,47.4900,48.3200,695057
2021-08-03,47.6700,48.5800,46.5700,48.5700,798480
2021-08-02,47.7400,49.3500,47.1600,47.5300,884452
2021-07-30,48.1800,49.0200,47.7100,48.1000,1104804
2021-07-29,48.8200,48.8600,47.6900,48.3900,618075
2021-07-28,48.0400,48.7500,47.0500,48.1600,636542
2021-07-27,47.7000,48.1600,46.9700,47.6200,547549
2021-07-26,48.0900,48.8400,47.7600,48.1500,688663
2021-07-23,48.0900,48.3900,47.2300,47.8500,829593
2021-07-22,48.3700,48.3700,46.4100,47.3000,1171103
2021-07-21,48.0500,49.0800,48.0500,48.2900,681876
2021-07-20,46.0200,48.4500,45.8600,47.4000,757852
2021-07-19,46.1100,47.0400,45.6000,46.0100,714131
2021-07-16,50.2000,50.3250,47.7800,47.9000,556725
2021-07-15,48.7700,50.3000,48.5300,49.8600,796354
2021-07-14,50.2200,50.9400,48.7200,49.5200,757256
2021-07-13,51.0800,51.2350,49.4300,49.9400,581376
2021-07-12,50.6800,51.5300,49.9000,51.4800,444475
2021-07-09,50.3500,51.4300,49.6900,51.4000,647039
2021-07-08,49.3100,49.7850,48.5300,49.0200,1002934
2021-07-07,50.6400,51.4400,50.1600,50.5300,555916
2021-07-06,53.0000,53.0000,51.0300,51.2100,698466
2021-07-02,54.2400,54.2400,52.7600,53.2400,537555
2021-07-01,53.8800,54.6850,53.5700,54.3300,862072
2021-06-30,53.6400,54.2700,53.2400,53.3400,1097792
2021-06-29,55.3600,56.0800,53.7550,53.9900,627237
2021-06-28,56.5400,56.8700,54.4800,54.7900,1170995
2021-06-25,56.1600,57.4000,55.5400,57.1800,868448
2021-06-24,55.1100,56.0200,54.7500,55.7500,562554
2021-06-23,54.8900,55.2500,54.4950,54.8400,415307
2021-06-22,54.5100,54.8350,53.6400,54.4400,438755
2021-06-21,52.8000,54.6700,52.4300,54.6100,674172
2021-06-18,52.4700,53.2200,51.4650,52.0000,2334188
2021-06-17,57.8600,57.9000,53.3500,53.4900,802512
2021-06-16,55.8300,57.6900,54.9700,57.4300,533940
2021-06-15,55.6000,57.0000,55.0900,56.3200,491645
2021-06-14,57.3000,57.5500,55.1500,55.4900,1123356
2021-06-11,57.1500,57.8100,56.6600,57.1000,645864
2021-06-10,58.0000,58.0700,56.7200,56.8800,1344470
2021-06-09,57.9000,57.9000,56.7800,57.2500,673862
2021-06-08,56.6700,58.0400,55.9100,57.9300,652943
2021-06-07,57.1000,57.3900,56.6200,57.2600,383480
2021-06-04,56.9500,56.9500,55.8500,56.6300,597399
2021-06-03,56.9200,57.4600,56.6200,56.9400,552092
2021-06-02,58.1600,58.1600,56.9000,56.9200,454536
2021-06-01,57.3800,57.9600,57.0400,57.8400,631862
2021-05-28,57.5700,57.6700,56.0000,56.6800,716593
2021-05-27,57.3100,57.3700,56.6000,57.2500,503753
2021-05-26,54.8700,56.0700,54.5000,56.0000,406121
2021-05-25,56.6700,57.5400,54.6312,54.7400,513427
