timestamp,open,high,low,close,volume
2021-10-14,45.8200,45.9400,45.1200,45.4700,555743
2021-10-13,45.1800,45.3300,44.0400,45.2300,752957
2021-10-12,44.8600,45.3200,44.6000,45.2400,791488
2021-10-11,45.9900,46.0800,44.9900,45.0000,564358
2021-10-08,45.5300,46.0200,45.2100,45.6000,485898
2021-10-07,45.6100,45.9600,45.3500,45.5900,691824
2021-10-06,45.0500,45.2251,44.1100,45.1700,745042
2021-10-05,45.5300,45.9800,44.9400,45.5200,1209256
2021-10-04,45.3500,46.0200,45.0500,45.1500,786378
2021-10-01,44.1200,45.8900,43.9000,45.4900,1248459
2021-09-30,44.8600,45.0300,43.8900,43.8900,960212
2021-09-29,44.3000,44.7590,43.8000,44.6300,872273
2021-09-28,44.7700,45.0700,43.8500,43.9700,776594
2021-09-27,43.5000,44.9550,43.1700,44.5000,1343581
2021-09-24,41.7100,43.1000,41.7100,42.8300,1291391
2021-09-23,40.3100,42.1600,40.2100,41.8200,1088748
2021-09-22,39.5500,40.3000,39.5050,39.8000,1041082
2021-09-21,39.4000,39.6000,38.7200,38.9300,743060
2021-09-20,39.0000,39.3250,38.4200,39.1400,1351543
2021-09-17,40.2200,40.7500,39.9800,40.2700,2817143
2021-09-16,40.3700,40.7200,39.9100,40.2200,1151841
2021-09-15,39.2000,40.2100,39.1200,40.0700,1402309
2021-09-14,40.8300,40.8300,39.2800,39.4000,1144695
2021-09-13,40.7400,41.1400,40.2850,40.8300,1426925
2021-09-10,41.4400,41.4900,40.1750,40.2500,1106280
2021-09-09,40.8500,41.6350,40.7500,41.1400,840955
2021-09-08,41.5500,41.7100,40.9000,40.9700,799582
2021-09-07,42.5400,43.2100,41.8200,41.8300,1389228
2021-09-03,43.0100,43.1800,42.4100,42.5200,398143
2021-09-02,42.8500,43.2000,42.5100,42.9200,471981
2021-09-01,43.2200,43.2200,42.2300,42.7800,527467
2021-08-31,43.0400,43.5200,42.7601,43.1000,644025
2021-08-30,44.2300,44.2300,42.8400,42.8400,560552
2021-08-27,42.9000,44.1300,42.8100,44.1000,811535
2021-08-26,43.9700,43.9700,42.7500,42.7600,540843
2021-08-25,43.7400,44.3300,43.5200,43.7800,526555
2021-08-24,42.9900,43.5450,42.9500,43.4700,655388
2021-08-23,42.6800,43.1600,42.6500,42.9500,811363
2021-08-20,41.3700,42.3600,41.2800,42.3600,493563
2021-08-19,42.0300,42.6200,41.1000,41.5300,805781
2021-08-18,42.7500,43.5600,42.3800,42.6000,712748
2021-08-17,43.4000,43.8800,42.3500,42.9400,773177
2021-08-16,43.3500,43.9900,42.8550,43.8000,696619
2021-08-13,44.4800,44.5500,43.5900,43.7600,554552
2021-08-12,44.4200,44.5400,43.8300,44.3300,522823
2021-08-11,43.7900,44.4400,43.1560,44.4000,690446
2021-08-10,43.0100,43.8300,42.8800,43.7000,566442
2021-08-09,43.0800,43.8300,42.7100,43.2100,632074
2021-08-06,42.9900,43.8400,42.9600,43.3700,879503
2021-08-05,41.6200,42.4300,41.5400,42.3700,1141298
2021-08-04,40.7100,41.6173,40.5500,41.2000,665681
2021-08-03,40.9200,41.7250,39.8400,41.5300,931273
2021-08-02,41.1400,42.0400,40.4500,40.5200,626088
2021-07-30,41.4400,41.9100,40.6600,40.9000,895062
2021-07-29,41.6000,41.9700,41.0600,41.5000,903510
2021-07-28,40.9900,41.6700,40.2500,41.2200,1013607
2021-07-27,40.3300,41.0300,40.2300,40.6400,753435
2021-07-26,41.0000,41.7050,40.7100,41.0500,973992
2021-07-23,41.4300,41.7500,40.3900,40.8400,1273393
2021-07-22,42.0900,42.0900,40.7400,40.9200,917301
2021-07-21,41.6500,42.5450,41.6000,42.2300,1458431
2021-07-20,39.9200,42.2200,39.9200,41.0000,1861317
2021-07-19,41.0000,41.4600,40.2500,40.5700,1647483
2021-07-16,44.1700,44.2200,42.4000,42.4900,1014543
2021-07-15,42.8400,44.2700,42.6100,43.9300,1336975
2021-07-14,43.6400,44.2800,42.7950,43.4100,841481
2021-07-13,44.0800,44.1300,43.1700,43.5000,656125
2021-07-12,43.3100,44.4100,42.9200,44.2700,620836
2021-07-09,43.2300,44.0900,42.8500,44.0200,865201
2021-07-08,41.5100,42.5500,41.0050,42.1500,1517483
2021-07-07,42.0100,42.8500,41.8500,42.4600,869050
2021-07-06,43.5200,43.8400,42.1800,42.6200,938403
2021-07-02,44.2800,44.4100,43.6700,44.1400,632912
2021-07-01,44.3000,44.8700,44.0568,44.5100,799709
2021-06-30,43.6800,44.1500,43.6600,43.8800,709868
2021-06-29,44.7800,45.0700,43.3700,43.8000,1060794
2021-06-28,45.6700,45.6700,44.0900,44.2400,840107
2021-06-25,45.3200,46.2200,45.0000,46.0600,1433121
2021-06-24,44.8400,45.5200,44.2000,45.3700,706126
2021-06-23,44.5400,44.9650,44.2700,44.4700,838742
2021-06-22,44.4500,44.7700,43.7400,44.2700,1625037
2021-06-21,43.4700,44.7700,43.3700,44.6000,1103855
2021-06-18,43.6900,44.0500,42.7100,42.7700,2795820
2021-06-17,47.8900,47.8900,44.3500,44.4100,1465922
2021-06-16,46.4600,47.9000,46.0750,47.5500,770189
2021-06-15,47.1300,47.7500,46.4600,47.2600,742067
2021-06-14,47.7600,48.1500,46.6000,46.8900,631751
2021-06-11,47.5800,48.1700,47.5500,47.7800,590440
2021-06-10,49.3100,49.5600,47.3400,47.3500,751681
2021-06-09,49.0000,49.1750,48.3900,48.6300,558909
2021-06-08,49.3300,49.7100,48.6430,49.5800,1078977
2021-06-07,49.5000,50.0550,49.3400,49.8200,801941
2021-06-04,48.8000,49.1600,48.0500,49.1200,823276
2021-06-03,48.8800,49.3200,48.6200,48.9200,861279
2021-06-02,50.0000,50.0000,48.8700,48.9400,716084
2021-06-01,49.6400,50.0800,49.3800,49.7400,853299
2021-05-28,49.1300,49.2100,48.1700,49.1200,570076
2021-05-27,48.6500,49.2200,48.2500,49.1500,751087
2021-05-26,47.0000,47.9700,47.0000,47.8200,624767
2021-05-25,48.4000,48.9205,46.7900,46.9100,701271
