timestamp,open,high,low,close,volume
2021-10-14,150.6400,151.1100,149.0400,151.0200,961877
2021-10-13,149.6200,150.3100,145.7200,149.2300,816696
2021-10-12,150.8000,152.0000,149.9400,150.6900,620544
2021-10-11,154.6500,155.2446,151.3100,151.4800,722344
2021-10-08,153.0000,155.2600,152.6500,153.7400,783056
2021-10-07,153.7400,155.0200,152.7450,153.6900,583602
2021-10-06,152.4900,152.6400,148.7600,152.2400,993101
2021-10-05,155.4200,156.6000,153.6400,153.8100,987560
2021-10-04,153.4300,155.7600,152.5650,153.6500,1151582
2021-10-01,152.3200,154.1800,149.9350,152.8000,955565
2021-09-30,154.2600,154.7100,149.2200,149.3400,1452973
2021-09-29,151.5500,154.0500,150.1300,152.9900,810944
2021-09-28,152.5000,152.7300,150.0200,151.1300,1394937
2021-09-27,146.5100,152.8400,145.2900,151.2300,1572734
2021-09-24,142.1900,144.2400,141.6350,143.2600,668036
2021-09-23,138.4400,143.3400,138.0100,141.9500,858284
2021-09-22,135.3200,137.8200,134.6700,136.5000,738312
2021-09-21,134.4400,135.2150,132.4500,133.3900,548367
2021-09-20,134.0100,134.1800,131.4200,133.9400,852563
2021-09-17,137.0100,138.9400,137.0100,137.5500,1693972
2021-09-16,138.0700,139.2200,136.0900,137.5100,818021
2021-09-15,134.0600,138.1500,133.6800,137.2600,830809
2021-09-14,137.1600,138.1200,132.7600,133.6700,998998
2021-09-13,137.4800,139.0200,136.5200,137.4500,894936
2021-09-10,139.1100,139.1100,135.6800,135.7600,584072
2021-09-09,136.9200,139.3700,136.4400,137.9500,767878
2021-09-08,137.8200,138.7100,136.5000,137.2600,653550
2021-09-07,139.0600,141.0000,138.3000,138.4200,770926
2021-09-03,139.8500,140.2800,137.7500,138.9600,660661
2021-09-02,138.8800,140.2800,138.3700,139.2800,1835666
2021-09-01,140.3100,140.7100,137.8600,139.2200,1124871
2021-08-31,138.0900,140.7400,138.0900,140.0100,1218413
2021-08-30,142.1200,142.2500,138.6700,138.9700,787414
2021-08-27,140.0700,142.5300,139.8400,142.1800,477029
2021-08-26,142.2900,142.2900,139.5600,139.7600,631612
2021-08-25,139.8200,142.5400,138.6600,141.6200,1470067
2021-08-24,136.8500,139.0600,136.6100,138.7900,841646
2021-08-23,136.8300,137.9500,136.2300,136.9200,534415
2021-08-20,134.3100,135.7400,133.4800,135.7000,835402
2021-08-19,134.7100,136.1200,133.1140,134.6600,982289
2021-08-18,137.2300,139.2200,136.3000,136.7800,595506
2021-08-17,137.7700,139.3400,136.4400,138.1000,635100
2021-08-16,138.9800,139.9800,137.0000,139.0800,546678
2021-08-13,141.5800,142.2300,139.5300,139.9400,441340
2021-08-12,142.9400,143.2200,140.7400,141.6300,543874
2021-08-11,139.9200,142.6800,139.3200,142.6500,1089276
2021-08-10,138.0600,141.1300,137.5500,140.0100,586094
2021-08-09,137.0500,140.1900,135.9700,138.4900,775414
2021-08-06,137.1200,139.8000,135.9500,137.9800,958427
2021-08-05,134.3400,134.8969,132.9200,134.3800,739559
2021-08-04,134.0300,135.9000,132.9900,133.0300,765415
2021-08-03,134.3800,136.9100,131.2900,136.2400,792736
2021-08-02,134.4700,137.7500,133.2900,133.3600,834966
2021-07-30,135.0900,136.6300,133.1400,133.8500,905361
2021-07-29,136.2500,137.1200,134.1000,135.2300,1040351
2021-07-28,134.4700,136.0100,132.3300,134.4600,1024773
2021-07-27,131.0000,135.2100,130.1079,133.9600,1311716
2021-07-26,129.8500,132.5750,129.7101,132.2500,1157099
2021-07-23,130.4200,131.7800,128.4600,129.3300,1020721
2021-07-22,132.0100,132.7920,128.4750,128.9900,1333841
2021-07-21,131.0500,134.9300,130.0000,133.0500,1691629
2021-07-20,130.6400,137.1800,130.3300,135.0400,1013215
2021-07-19,133.5000,134.9400,130.2150,131.2000,1097998
2021-07-16,141.8900,141.8900,136.4000,136.8200,934566
2021-07-15,138.2200,142.0000,137.5300,141.1900,868289
2021-07-14,141.4400,142.9300,137.9100,140.0500,798316
2021-07-13,143.0900,143.0900,139.9500,141.1700,698314
2021-07-12,140.5700,144.2300,139.2450,143.1800,772340
2021-07-09,140.4200,142.5400,139.1900,142.3300,1134006
2021-07-08,138.7100,139.9500,136.8300,137.5500,916097
2021-07-07,140.2300,142.8000,140.0800,141.5000,964047
2021-07-06,144.7600,144.9800,140.5200,141.5900,1013541
2021-07-02,147.4600,147.8601,145.5100,145.9300,715432
2021-07-01,147.0800,147.6300,145.8950,147.2800,977948
2021-06-30,145.3300,146.6200,144.8000,145.3100,1025062
2021-06-29,148.3500,149.2800,145.3000,145.8500,661483
2021-06-28,150.5900,150.6900,146.1800,147.0100,894589
2021-06-25,148.5600,152.5300,147.9000,151.3300,1192681
2021-06-24,147.4900,148.6100,145.6600,147.8500,1084509
2021-06-23,147.1000,148.0500,146.3700,146.6200,657191
2021-06-22,147.3300,148.1400,146.0200,147.1300,600972
2021-06-21,144.7200,148.0800,144.4700,147.6500,999529
2021-06-18,145.0800,147.1500,142.5500,142.9800,1919418
2021-06-17,157.1800,157.1800,148.1500,148.4600,1405634
2021-06-16,153.1200,156.8600,151.4015,155.5900,839857
2021-06-15,152.7300,155.4500,151.6800,154.3300,567294
2021-06-14,155.0900,155.3700,151.5050,152.5600,617123
2021-06-11,154.5500,155.8566,154.1300,155.1400,575618
2021-06-10,160.1200,160.1200,153.6300,153.8900,1198883
2021-06-09,158.9700,159.1500,157.0100,157.6600,626483
2021-06-08,158.2800,161.1600,156.6200,160.4400,738397
2021-06-07,161.8500,161.8500,158.7500,159.7200,564883
2021-06-04,162.6000,162.7650,159.9000,161.2700,515409
2021-06-03,162.2300,164.3900,161.7000,163.0100,678710
2021-06-02,162.0000,163.4800,160.0000,162.5000,824192
2021-06-01,162.1900,163.3500,161.2700,162.0700,735160
2021-05-28,159.3700,161.2200,157.9500,160.6900,728737
2021-05-27,161.0800,161.7500,159.4300,160.2800,1552571
2021-05-26,158.4000,158.6633,156.7800,157.7000,772242
2021-05-25,161.4500,162.8600,156.8000,157.2700,848708
