timestamp,open,high,low,close,volume
2021-10-14,28.4800,28.8550,28.2500,28.5200,18216
2021-10-13,28.4600,28.6250,28.0600,28.1700,11371
2021-10-12,28.2000,28.6600,28.1100,28.4200,10758
2021-10-11,28.7500,28.7500,28.3100,28.3100,8549
2021-10-08,28.8800,28.9700,28.3300,28.7000,8255
2021-10-07,28.8450,29.2600,28.5700,28.9000,25495
2021-10-06,28.6100,28.6100,28.2500,28.4100,10804
2021-10-05,28.6619,29.0000,28.6619,28.7900,8774
2021-10-04,28.2600,28.9400,27.4900,28.6100,20464
2021-10-01,28.0801,28.5800,27.9600,28.3100,23145
2021-09-30,28.4100,28.4873,27.9900,28.0500,30070
2021-09-29,28.1700,28.4600,28.1700,28.4600,7960
2021-09-28,28.4100,28.8000,28.1800,28.2600,43754
2021-09-27,27.5000,28.5400,27.1865,28.4600,35596
2021-09-24,26.9900,27.6500,26.9900,27.4600,17343
2021-09-23,26.5400,27.2900,26.3531,27.0100,14163
2021-09-22,26.8300,26.8300,26.1633,26.3000,15065
2021-09-21,26.1200,26.2993,25.9100,26.1300,17567
2021-09-20,26.0200,26.0900,25.5900,26.0900,27739
2021-09-17,26.5100,26.8300,25.9200,26.6400,129449
2021-09-16,26.1000,26.2000,25.7800,26.1100,22959
2021-09-15,25.8000,26.4400,25.6200,26.2800,29728
2021-09-14,26.1700,26.1700,25.4300,25.5200,24608
2021-09-13,25.9000,26.2800,25.8700,25.9100,22564
2021-09-10,26.3000,26.3000,25.8000,25.8100,19907
2021-09-09,26.4700,26.8900,26.0700,26.0800,31164
2021-09-08,26.8100,26.8200,26.3300,26.5200,20422
2021-09-07,26.9900,27.3400,26.7850,26.9500,18538
2021-09-03,27.4200,27.4200,26.8100,27.0300,10154
2021-09-02,27.3300,27.4500,27.1150,27.3600,9796
2021-09-01,27.3600,27.4700,26.9400,27.3900,14392
2021-08-31,27.1200,27.5300,27.1200,27.4000,8742
2021-08-30,27.5400,27.9100,27.2100,27.2100,16092
2021-08-27,27.3500,28.0000,26.8200,28.0000,21254
2021-08-26,27.4750,27.4750,27.0700,27.1400,32235
2021-08-25,27.3000,27.7550,27.3000,27.3400,16856
2021-08-24,26.7932,27.8600,26.7932,27.4600,19123
2021-08-23,26.9200,27.5200,26.9200,27.4100,21576
2021-08-20,26.7600,27.9100,26.4350,26.6900,94388
2021-08-19,26.8000,28.0500,26.7700,27.0000,24231
2021-08-18,27.3600,27.8100,27.0400,27.0700,21261
2021-08-17,27.6300,27.7500,26.7700,27.3200,17678
2021-08-16,28.0000,28.1300,27.5600,27.6200,38379
2021-08-13,28.8200,29.0750,28.2500,28.4100,13186
2021-08-12,28.5500,28.9100,28.5250,28.6600,22292
2021-08-11,28.3700,28.7700,28.2000,28.7300,21265
2021-08-10,28.0500,28.6600,28.0500,28.3800,39761
2021-08-09,28.6600,28.7600,28.0450,28.1400,28943
2021-08-06,28.4600,28.9800,28.3800,28.5200,25458
2021-08-05,27.7600,28.3700,27.6889,28.3300,16785
2021-08-04,27.8600,28.4400,27.8000,27.8000,19979
2021-08-03,28.1800,28.5300,27.4401,28.2600,27232
2021-08-02,28.6800,29.0300,27.8100,27.8900,27339
2021-07-30,29.0400,29.1850,28.4700,28.6400,30719
2021-07-29,29.2300,29.5274,29.0600,29.3300,16540
2021-07-28,28.9900,29.1300,28.4800,29.1200,15485
2021-07-27,28.8800,29.2500,28.6900,29.0800,14120
2021-07-26,29.0200,29.4200,28.9900,29.2500,14065
2021-07-23,28.9100,29.2300,28.7800,29.0000,20898
2021-07-22,28.2700,28.8800,27.5000,28.7200,31225
2021-07-21,27.9900,28.3400,27.9900,28.1200,29717
2021-07-20,27.3700,28.6900,27.3700,27.5700,59661
2021-07-19,27.1700,27.9300,27.1100,27.2500,43418
2021-07-16,28.8400,28.8400,27.7100,27.9800,34554
2021-07-15,27.6600,28.1700,27.6200,28.0000,22432
2021-07-14,27.5500,28.0000,27.3701,27.7200,28485
2021-07-13,27.8000,27.8900,27.4100,27.6500,48844
2021-07-12,27.8800,28.4900,27.7100,27.9100,34406
2021-07-09,27.9800,28.3500,27.8923,28.1300,19092
2021-07-08,27.6700,28.1150,27.0400,27.4900,44763
2021-07-07,28.2000,28.7400,28.0110,28.3900,68015
2021-07-06,28.7400,28.7400,28.2400,28.3100,58653
2021-07-02,28.7800,29.0400,28.5972,28.8900,40839
2021-07-01,28.8600,28.9400,28.3824,28.7500,24236
2021-06-30,28.1800,28.8600,28.1800,28.6200,62297
2021-06-29,28.5000,28.6300,28.2000,28.4800,41788
2021-06-28,27.3900,28.4200,27.0544,28.2500,82672
2021-06-25,27.4900,27.7700,27.0100,27.3600,700135
2021-06-24,26.8200,27.1600,26.4800,27.0700,76086
2021-06-23,26.3000,26.6100,25.7100,26.5800,77519
2021-06-22,27.0000,27.0000,25.6500,25.8800,80070
2021-06-21,25.8000,27.3800,25.8000,26.7500,89391
2021-06-18,27.1500,27.7549,25.1600,25.7100,168877
2021-06-17,30.2000,30.4500,27.3500,27.4900,72242
2021-06-16,29.7100,30.2190,29.3150,29.9300,30269
2021-06-15,29.2500,29.9000,29.1950,29.6700,19309
2021-06-14,29.1400,29.8800,29.1100,29.1600,21232
2021-06-11,28.9000,29.7305,28.7000,29.3800,21821
2021-06-10,30.0700,30.2842,28.7800,28.9300,27388
2021-06-09,30.0700,30.1800,29.7800,30.0200,22208
2021-06-08,30.2100,30.4400,29.8200,30.3000,16962
2021-06-07,29.9100,30.4650,29.8100,30.4200,14634
2021-06-04,30.1600,30.4700,29.8800,29.9700,16286
2021-06-03,29.9600,30.3200,29.7000,30.3200,19046
2021-06-02,31.1000,31.1000,29.7600,30.1600,26965
2021-06-01,30.6000,30.9200,30.2701,30.9200,17115
2021-05-28,30.3600,30.6700,30.0150,30.4400,11544
2021-05-27,30.4500,30.6600,29.9600,30.4500,62011
2021-05-26,30.0000,30.3000,29.6300,30.1500,15673
2021-05-25,31.2000,31.2000,29.6100,29.7700,25618
