timestamp,open,high,low,close,volume
2021-10-14,13.9000,13.9315,13.7900,13.9200,3852600
2021-10-13,13.7400,13.8300,13.5400,13.8000,5212915
2021-10-12,13.7000,13.8150,13.6300,13.7500,3121986
2021-10-11,13.7300,13.8600,13.6900,13.6900,3221922
2021-10-08,13.5400,13.7450,13.4900,13.6700,2902378
2021-10-07,13.5000,13.6400,13.4600,13.5700,3786230
2021-10-06,13.3400,13.4100,13.0300,13.4100,7926415
2021-10-05,13.6000,13.6200,13.3750,13.4300,5836905
2021-10-04,13.3900,13.5900,13.3000,13.4800,7295295
2021-10-01,12.9300,13.4300,12.9200,13.4000,6646500
2021-09-30,12.9700,13.1100,12.8350,12.8700,5325575
2021-09-29,13.0500,13.1000,12.9000,12.9600,5499834
2021-09-28,13.1900,13.2550,12.9850,12.9900,5042217
2021-09-27,12.8300,13.2250,12.8200,13.1300,4540788
2021-09-24,12.6600,12.7800,12.6300,12.6900,3559955
2021-09-23,12.4600,12.7900,12.4500,12.6700,5252234
2021-09-22,12.6000,12.6800,12.4400,12.4500,5142020
2021-09-21,12.5600,12.6100,12.3950,12.4900,3798619
2021-09-20,12.4100,12.5400,12.2950,12.5200,5793631
2021-09-17,12.7000,12.7900,12.6550,12.7200,9687639
2021-09-16,12.9200,13.0200,12.6700,12.6800,4482466
2021-09-15,12.7000,12.8900,12.6300,12.8700,3926369
2021-09-14,12.7800,12.8200,12.5350,12.6500,6090622
2021-09-13,12.4400,12.7800,12.3550,12.7800,6077149
2021-09-10,12.4100,12.5150,12.3300,12.3500,5139835
2021-09-09,12.3000,12.5850,12.1900,12.3700,6612993
2021-09-08,12.4200,12.4800,12.2600,12.2900,4836462
2021-09-07,12.4800,12.6600,12.4500,12.4600,4704088
2021-09-03,12.5500,12.6199,12.4500,12.5000,4803394
2021-09-02,12.4700,12.5950,12.3900,12.5500,4512761
2021-09-01,12.5300,12.6300,12.3400,12.4600,5211941
2021-08-31,12.4100,12.6000,12.3900,12.5200,4034637
2021-08-30,12.5800,12.5800,12.3300,12.3900,3182249
2021-08-27,12.3500,12.5650,12.3000,12.5300,4969851
2021-08-26,12.5200,12.5200,12.2950,12.3100,3747199
2021-08-25,12.5800,12.6900,12.4700,12.5000,3441110
2021-08-24,12.4200,12.5265,12.3450,12.5000,4174340
2021-08-23,12.3300,12.4250,12.2801,12.3900,3129391
2021-08-20,12.0500,12.3300,12.0200,12.3100,3708513
2021-08-19,12.2300,12.2600,11.9300,12.0800,6202526
2021-08-18,12.5600,12.6200,12.1200,12.2900,8284961
2021-08-17,12.5300,12.7600,12.4550,12.6000,5826977
2021-08-16,12.5400,12.7100,12.4300,12.6300,5706196
2021-08-13,12.7600,12.7600,12.5900,12.6100,3547114
2021-08-12,12.6000,12.7100,12.5100,12.6900,5156476
2021-08-11,12.3900,12.5800,12.2800,12.5700,5935109
2021-08-10,12.2100,12.3900,12.1200,12.3800,4750754
2021-08-09,12.1300,12.2900,12.0500,12.2200,6494255
2021-08-06,12.2200,12.2500,12.1050,12.1800,5244367
2021-08-05,12.0000,12.2300,11.9500,12.1000,6070346
2021-08-04,11.9500,12.2200,11.9000,12.0500,5006439
2021-08-03,11.8100,12.1500,11.6900,12.1100,6617732
2021-08-02,11.8000,11.9900,11.7500,11.8100,6787158
2021-07-30,11.8500,11.9500,11.7100,11.7800,5843771
2021-07-29,12.2000,12.2300,11.8150,11.8600,11055622
2021-07-28,11.4000,12.2350,11.3000,12.0600,19429791
2021-07-27,11.0000,11.1800,10.9250,11.0000,5348874
2021-07-26,11.0100,11.2450,11.0100,11.1500,5034839
2021-07-23,11.1200,11.2100,10.9950,11.0100,4139483
2021-07-22,11.1400,11.1700,10.9250,11.0400,7066519
2021-07-21,11.2500,11.3400,11.1600,11.1700,8816578
2021-07-20,10.9500,11.3300,10.8800,11.1700,9204372
2021-07-19,10.9800,11.0500,10.7840,10.9200,9739627
2021-07-16,11.5000,11.5300,11.1000,11.1600,6484201
2021-07-15,11.1000,11.4400,11.0500,11.4300,7246089
2021-07-14,11.1850,11.3450,11.1050,11.2100,7467024
2021-07-13,11.4900,11.4983,11.0900,11.2000,12681114
2021-07-12,11.2100,11.5700,11.1200,11.5500,11750967
2021-07-09,11.1500,11.4300,11.1400,11.3300,11826561
2021-07-08,11.0000,11.1950,10.9100,10.9700,14000526
2021-07-07,10.9500,11.2300,10.8400,11.1300,12056235
2021-07-06,11.1800,11.2000,10.9350,11.0500,5841307
2021-07-02,11.3300,11.3400,11.1700,11.1900,4809834
2021-07-01,11.1200,11.4050,11.0600,11.3300,7657669
2021-06-30,10.9500,11.0900,10.9400,11.0200,3673212
2021-06-29,11.1900,11.2850,10.9450,10.9900,4944006
2021-06-28,11.3000,11.3000,11.0650,11.1400,5196931
2021-06-25,11.2100,11.4500,11.2100,11.3600,5105936
2021-06-24,11.1000,11.2500,11.0350,11.2200,3205595
2021-06-23,11.1500,11.2200,11.0500,11.0700,4103216
2021-06-22,11.3200,11.3300,11.1000,11.1200,4873699
2021-06-21,11.0600,11.3350,11.0400,11.3200,6987721
2021-06-18,11.2400,11.3300,10.9600,10.9700,9970360
2021-06-17,11.8400,11.8400,11.3100,11.3900,8186169
2021-06-16,11.8300,11.9900,11.7100,11.7600,5560294
2021-06-15,11.7500,11.9400,11.5400,11.8300,5820606
2021-06-14,11.7100,11.7950,11.5100,11.6000,4067054
2021-06-11,11.7400,11.7900,11.6500,11.7200,3175642
2021-06-10,12.1000,12.1000,11.6900,11.7000,4357027
2021-06-09,12.0200,12.0400,11.9100,11.9300,3205981
2021-06-08,11.9900,12.1300,11.8950,12.1000,4391934
2021-06-07,12.0800,12.1599,12.0000,12.0000,3564306
2021-06-04,12.0900,12.1100,11.9400,12.0100,3296449
2021-06-03,12.1400,12.2600,12.0300,12.0900,7150784
2021-06-02,12.2200,12.2200,12.0200,12.1400,5431089
2021-06-01,12.0800,12.2200,12.0500,12.1800,4338778
2021-05-28,12.0100,12.0200,11.8600,11.9700,4001923
2021-05-27,11.9900,12.0950,11.9350,12.0200,5238148
2021-05-26,11.6900,11.8900,11.6300,11.8800,4416177
2021-05-25,11.8500,11.9900,11.6600,11.6600,5139692
