timestamp,open,high,low,close,volume
2021-10-14,126.4900,127.5700,125.0100,127.3900,17967
2021-10-13,124.3700,125.8500,124.3700,124.8000,13667
2021-10-12,125.6600,126.2000,124.2400,126.0600,11056
2021-10-11,127.0100,127.0100,125.6400,125.6400,13581
2021-10-08,125.9800,127.5000,125.9800,126.5000,14533
2021-10-07,125.0400,126.9400,125.0400,126.9300,28665
2021-10-06,124.4500,125.7700,123.1500,124.3500,17276
2021-10-05,125.0700,126.0500,123.4400,126.0500,28652
2021-10-04,124.9800,127.0100,123.6600,124.6300,30316
2021-10-01,122.1200,126.3400,122.1200,125.1500,50903
2021-09-30,124.3700,125.7500,121.9500,121.9500,26143
2021-09-29,124.0000,125.5400,123.1000,124.6500,27581
2021-09-28,122.9200,124.9300,122.7400,122.8200,20092
2021-09-27,122.1700,126.8600,122.1700,124.7300,37169
2021-09-24,119.6100,121.8900,119.6100,121.2500,31036
2021-09-23,116.1500,121.2400,116.1500,120.6900,17820
2021-09-22,116.5400,118.9900,115.8600,117.5400,43958
2021-09-21,115.9300,116.6800,114.0100,115.2900,29688
2021-09-20,114.7000,117.9800,113.4600,115.0800,54916
2021-09-17,113.0700,117.9100,112.4900,117.9100,175457
2021-09-16,113.5000,113.5000,111.6150,112.2300,35059
2021-09-15,111.4800,113.7300,111.4800,113.1500,37350
2021-09-14,114.4900,114.5650,111.2200,111.3900,49842
2021-09-13,113.0200,114.6100,112.1600,114.2700,59977
2021-09-10,113.8200,113.8200,112.1900,112.3800,36820
2021-09-09,112.9100,114.5000,112.5900,112.5900,24050
2021-09-08,114.6500,115.6895,113.1100,113.3500,23437
2021-09-07,114.4600,116.2500,114.4600,114.8600,27399
2021-09-03,115.5000,115.7100,113.6800,114.2700,44329
2021-09-02,116.6100,117.2300,115.3500,115.9200,29017
2021-09-01,117.7800,117.7800,115.5900,116.7400,31104
2021-08-31,117.5600,118.4400,116.9200,117.2400,27414
2021-08-30,120.0200,120.0200,117.2200,117.5000,22619
2021-08-27,116.5700,121.2500,116.5000,120.2800,51918
2021-08-26,119.0900,120.1400,116.3700,116.5300,30043
2021-08-25,118.1000,120.5400,118.1000,119.3900,18757
2021-08-24,120.7800,120.9700,118.8200,118.9600,17614
2021-08-23,121.0000,121.0000,119.1800,120.4100,15881
2021-08-20,116.3500,120.2500,116.3500,119.7200,27114
2021-08-19,116.7200,117.7600,115.6000,117.6900,39204
2021-08-18,120.3100,121.0100,118.5200,118.5200,20803
2021-08-17,120.9900,121.3950,118.7800,120.0000,18425
2021-08-16,121.8500,123.3150,120.9600,121.4800,20810
2021-08-13,125.2600,125.2600,122.5900,122.7800,21078
2021-08-12,124.1200,125.1150,122.9200,125.0100,30097
2021-08-11,122.0600,124.7500,118.9800,124.1200,39060
2021-08-10,119.7600,122.5000,119.7600,122.0100,26672
2021-08-09,120.0400,121.1500,119.6100,119.6100,23735
2021-08-06,118.6000,122.3800,118.4200,121.2500,42101
2021-08-05,116.1300,118.3400,115.9500,118.3400,26147
2021-08-04,113.9800,116.5300,113.9000,115.4100,28017
2021-08-03,114.0300,116.8400,113.6000,116.0200,63798
2021-08-02,113.8600,117.3500,113.0900,113.4500,43913
2021-07-30,113.3800,115.2500,113.3800,113.9100,34536
2021-07-29,113.5500,115.1800,112.7800,113.9800,24046
2021-07-28,112.0000,114.1500,111.1300,112.9500,35379
2021-07-27,110.2700,112.8300,110.2600,110.7400,34809
2021-07-26,112.0000,112.8100,111.0000,111.7300,17099
2021-07-23,110.4600,111.4700,109.8000,110.5100,12400
2021-07-22,112.0000,112.0000,109.3700,110.2000,22280
2021-07-21,112.7300,115.2300,112.1900,112.4800,23993
2021-07-20,110.2100,114.6950,110.2100,110.9800,59227
2021-07-19,111.2000,111.5700,108.5100,109.5400,41288
2021-07-16,114.5050,116.8300,113.1300,113.7100,25928
2021-07-15,113.4000,116.1700,112.9200,115.8200,24320
2021-07-14,115.3700,115.6700,113.8700,114.1900,29019
2021-07-13,115.9500,116.0000,113.5800,114.5400,44577
2021-07-12,114.6900,115.9500,114.0270,115.9000,14557
2021-07-09,113.9900,115.8800,113.0450,115.8800,22702
2021-07-08,110.2100,113.4600,110.2100,112.2700,44038
2021-07-07,111.7100,114.3600,111.7100,113.0600,46660
2021-07-06,115.4000,115.8400,111.7000,113.3400,40102
2021-07-02,118.9100,118.9100,115.5460,115.5800,21343
2021-07-01,118.8600,119.1400,117.6200,118.3700,22924
2021-06-30,117.5200,118.8884,117.3500,117.4200,32339
2021-06-29,119.5400,120.2800,118.0000,118.2800,15864
2021-06-28,121.5700,121.5700,118.1901,118.8700,36040
2021-06-25,122.2000,123.3300,121.4900,121.5700,142076
2021-06-24,120.3700,122.6100,118.6100,122.5400,21717
2021-06-23,120.7100,121.8700,117.4000,119.6700,35452
2021-06-22,121.8900,121.8900,119.0700,121.0900,22001
2021-06-21,120.1000,122.6400,119.4200,121.6600,49168
2021-06-18,121.0000,122.0300,117.6600,118.5000,114035
2021-06-17,128.6000,128.6000,122.7500,122.7800,39667
2021-06-16,125.4000,128.8200,125.0000,128.2500,33029
2021-06-15,123.8900,126.3800,122.9700,126.0700,31427
2021-06-14,124.4500,125.4200,122.3750,122.9300,31477
2021-06-11,124.1000,126.4630,124.1000,124.8800,26827
2021-06-10,127.5000,127.6200,123.8300,124.1400,39097
2021-06-09,127.8900,127.8900,125.4900,125.6900,25593
2021-06-08,127.6500,128.8800,126.0900,128.5000,23098
2021-06-07,127.0100,127.1700,124.9200,126.9800,21585
2021-06-04,126.1200,126.7200,125.0000,125.9700,21972
2021-06-03,125.5200,127.4400,125.5200,127.2600,24727
2021-06-02,127.5000,127.5000,125.3400,126.3700,23696
2021-06-01,127.0100,129.5500,125.1200,127.4500,60931
2021-05-28,127.2400,127.5000,125.2700,126.5200,25775
2021-05-27,125.4600,126.9520,124.9200,126.6100,46141
2021-05-26,122.3900,124.8100,121.9000,123.4500,22613
2021-05-25,124.5200,126.0000,121.1100,121.2100,36061
