timestamp,open,high,low,close,volume
2021-10-14,42.0800,42.3200,41.6200,42.1800,590082
2021-10-13,41.4500,41.6200,40.7000,41.5200,754510
2021-10-12,41.6500,42.1200,41.4600,41.8700,525617
2021-10-11,42.5700,42.7400,41.8400,41.8400,627555
2021-10-08,42.2700,42.5750,41.7800,42.2400,1103799
2021-10-07,43.4500,43.5650,42.3900,42.5000,882682
2021-10-06,42.6800,43.0800,41.9200,42.9900,756040
2021-10-05,44.0900,44.0900,43.0050,43.1100,571961
2021-10-04,43.6400,44.1700,43.2900,43.5200,396541
2021-10-01,42.0400,43.7900,41.9900,43.6400,756209
2021-09-30,42.6100,42.6100,41.7800,41.8200,574618
2021-09-29,42.5100,42.6900,41.9800,42.2600,1067694
2021-09-28,42.9500,43.3900,42.2100,42.3900,481846
2021-09-27,41.9400,43.3700,41.9400,42.9400,615037
2021-09-24,41.3500,42.0300,41.2700,41.3000,702262
2021-09-23,40.2500,41.7550,40.2350,41.3900,960682
2021-09-22,39.3800,40.3050,39.3800,39.7800,549311
2021-09-21,39.0700,39.5200,38.7800,38.7800,714309
2021-09-20,38.8600,38.9900,37.9550,38.8700,936706
2021-09-17,39.9800,40.4400,39.6900,40.1400,1982333
2021-09-16,40.8600,41.1900,40.0000,40.0000,725367
2021-09-15,40.2500,41.0700,40.1900,40.5500,612484
2021-09-14,40.9000,41.1400,39.8800,40.2500,562546
2021-09-13,40.8100,41.1500,40.3800,40.8900,592538
2021-09-10,41.4200,41.6400,40.4400,40.4600,478754
2021-09-09,40.6600,41.6900,40.5300,41.1000,482246
2021-09-08,41.5800,41.6250,40.6100,40.8100,416274
2021-09-07,41.8500,42.6100,41.7200,41.7500,562056
2021-09-03,41.5800,42.1410,41.4400,41.8300,445402
2021-09-02,41.6800,42.3000,41.4900,41.5800,463531
2021-09-01,42.0400,42.0400,41.2200,41.3000,537871
2021-08-31,41.9600,42.3700,41.6500,42.0300,571085
2021-08-30,43.0000,43.0000,41.7600,41.7800,344209
2021-08-27,41.5400,42.9100,41.5400,42.8700,449249
2021-08-26,42.3600,42.4400,41.4800,41.4900,465533
2021-08-25,42.2100,42.8900,41.8800,42.1800,514296
2021-08-24,41.5300,42.1600,41.5300,41.9500,568386
2021-08-23,41.3000,41.7200,41.1900,41.5600,542833
2021-08-20,40.2600,41.1500,40.0150,41.0200,565287
2021-08-19,40.1400,40.9000,40.0000,40.2600,624502
2021-08-18,41.0100,41.7100,40.6800,40.8500,516830
2021-08-17,41.5300,42.0800,40.7700,41.2700,350407
2021-08-16,41.5600,42.3300,41.1800,42.1800,327707
2021-08-13,42.6100,42.7550,41.9700,42.0800,201719
2021-08-12,43.1600,43.1600,42.1300,42.5500,305459
2021-08-11,42.1200,42.9400,41.6700,42.9400,449806
2021-08-10,41.8900,42.4200,41.3700,42.1200,577407
2021-08-09,41.9300,42.4600,41.4400,41.7200,478133
2021-08-06,41.6750,42.8200,41.6750,42.4000,484395
2021-08-05,40.3300,41.1500,40.3300,40.9500,415614
2021-08-04,39.0700,40.4400,39.0200,39.9200,664933
2021-08-03,39.5500,40.2400,38.6000,40.1300,629234
2021-08-02,39.9100,41.1000,39.1700,39.2100,536656
2021-07-30,39.8000,40.6900,39.5300,39.5800,573956
2021-07-29,40.4300,40.5700,39.7700,39.9600,358526
2021-07-28,39.4700,40.3900,38.7300,39.8500,593842
2021-07-27,38.3300,39.5400,38.2100,39.2100,571534
2021-07-26,38.8700,39.7500,38.7900,39.1000,449994
2021-07-23,38.6000,38.9900,38.1300,38.6500,495979
2021-07-22,39.6100,40.2800,37.7600,38.0800,671181
2021-07-21,39.1600,39.9700,39.1500,39.6000,413415
2021-07-20,37.5350,39.5000,37.3600,38.4700,785310
2021-07-19,37.8100,38.1800,37.0750,37.4600,786357
2021-07-16,41.0900,41.0900,39.0900,39.2200,381671
2021-07-15,39.8900,41.0500,39.6100,40.6700,882309
2021-07-14,41.0700,41.9850,40.1400,40.4000,487532
2021-07-13,42.3900,42.6150,41.1000,41.1700,764477
2021-07-12,41.8100,42.7800,41.5100,42.7400,542358
2021-07-09,41.6800,42.7000,41.1350,42.6800,523706
2021-07-08,40.1800,41.0300,39.6050,40.5500,753852
2021-07-07,40.6900,41.6400,40.6900,41.2500,575819
2021-07-06,42.5200,42.5200,41.1100,41.2700,468834
2021-07-02,43.3900,43.3900,42.6850,42.8300,252357
2021-07-01,43.2500,43.5500,42.8800,43.4300,365173
2021-06-30,42.5900,42.9800,42.4200,42.6900,465819
2021-06-29,43.2800,43.8300,42.5600,42.5800,408276
2021-06-28,44.1400,44.1500,42.6000,42.7300,688387
2021-06-25,44.0600,44.9150,43.8900,44.5900,829141
2021-06-24,43.5300,44.2800,43.0000,44.1500,470552
2021-06-23,43.6300,43.9200,43.1900,43.2000,525558
2021-06-22,43.5100,43.7400,42.9200,43.4700,405472
2021-06-21,42.1400,43.8700,42.1400,43.6600,520649
2021-06-18,42.8700,43.3200,41.6200,41.6300,1543928
2021-06-17,46.9800,46.9800,43.5700,43.5800,684302
2021-06-16,45.3000,47.2400,44.7700,46.7100,637243
2021-06-15,44.9700,46.2700,44.9700,45.6500,719163
2021-06-14,46.1900,46.5000,44.5650,45.0100,524596
2021-06-11,46.2800,46.8000,45.9400,46.1800,365775
2021-06-10,48.2500,48.3800,45.9100,45.9600,418420
2021-06-09,47.9900,47.9900,47.3950,47.5200,450850
2021-06-08,47.6200,48.7200,47.2500,48.4100,629746
2021-06-07,47.8700,48.3250,47.6400,48.1500,586907
2021-06-04,47.5600,47.8700,46.9750,47.6400,388017
2021-06-03,47.2300,47.6900,46.8900,47.3500,449054
2021-06-02,48.3000,48.3000,47.2800,47.3800,337703
2021-06-01,48.3600,48.7400,47.8200,48.2000,555961
2021-05-28,47.7400,47.9000,46.9900,47.7900,375777
2021-05-27,48.1400,48.3400,47.5800,47.8200,500752
2021-05-26,46.2400,47.3900,46.0500,47.2500,439677
2021-05-25,47.6800,48.2200,46.2100,46.2400,437593
