timestamp,open,high,low,close,volume
2021-10-14,26.2500,26.2500,25.6900,26.1900,1028969
2021-10-13,25.8400,25.9000,25.1800,25.8100,1553062
2021-10-12,25.6100,25.9000,25.4100,25.8500,1234567
2021-10-11,26.1000,26.1700,25.6100,25.6200,1642911
2021-10-08,25.7800,26.0600,25.6100,25.8800,722036
2021-10-07,25.7900,25.9900,25.6700,25.8700,800043
2021-10-06,25.4800,25.5750,24.7700,25.5400,1310069
2021-10-05,26.0500,26.1400,25.6600,25.7300,1283890
2021-10-04,25.7100,26.0500,25.4600,25.7400,1539033
2021-10-01,24.9400,25.8000,24.9400,25.6700,1392813
2021-09-30,25.2200,25.2700,24.8500,24.9600,1152317
2021-09-29,24.8500,25.1100,24.7100,25.0100,1018919
2021-09-28,25.0400,25.2100,24.7300,24.7900,1188634
2021-09-27,23.9200,25.1100,23.9200,24.9100,1354799
2021-09-24,23.1600,23.7500,23.1000,23.6000,1658664
2021-09-23,22.4500,23.3300,22.3100,23.2800,1013658
2021-09-22,21.9300,22.3700,21.8500,22.1100,893675
2021-09-21,21.6500,21.7500,21.3200,21.5800,922193
2021-09-20,21.6000,21.6600,20.9500,21.4300,1835643
2021-09-17,22.4300,22.8000,22.2100,22.3100,3915990
2021-09-16,22.7800,22.8200,22.3500,22.4400,888235
2021-09-15,21.9100,22.5800,21.9100,22.5600,859545
2021-09-14,22.6300,22.6300,21.7900,21.9600,1169555
2021-09-13,22.5500,22.7300,22.3300,22.5300,1573797
2021-09-10,22.6800,22.7200,22.2400,22.2500,722805
2021-09-09,22.2500,22.6300,22.1400,22.4500,905131
2021-09-08,22.3900,22.5200,22.1400,22.3300,1343087
2021-09-07,22.7400,23.2300,22.6000,22.6200,1016091
2021-09-03,22.8900,23.0800,22.6450,22.7000,1064253
2021-09-02,22.7100,23.0700,22.5900,22.8600,1904952
2021-09-01,22.9800,23.1100,22.5600,22.7500,2422521
2021-08-31,22.8300,23.2400,22.6400,22.8900,1884171
2021-08-30,23.4900,23.4900,22.7400,22.7400,937574
2021-08-27,22.6200,23.5200,22.6000,23.4400,953991
2021-08-26,23.0800,23.0800,22.6200,22.6200,732147
2021-08-25,22.7900,23.3600,22.6600,22.9200,1399057
2021-08-24,22.5000,22.8350,22.4800,22.7100,1178464
2021-08-23,22.4500,22.6000,22.2500,22.4500,787268
2021-08-20,21.6200,22.2000,21.5300,22.1800,902918
2021-08-19,21.8800,22.1150,21.3800,21.6200,1647988
2021-08-18,22.2100,22.6550,21.9800,22.2100,1730543
2021-08-17,22.5000,22.6300,21.9000,22.2300,2170674
2021-08-16,22.7500,23.0100,22.5300,22.7600,2322218
2021-08-13,23.2100,23.2950,22.8000,22.9800,1779122
2021-08-12,23.5000,23.6000,23.0500,23.3000,1772658
2021-08-11,23.3500,23.5500,23.0300,23.4300,2894173
2021-08-10,22.8500,23.3800,22.7000,23.3700,3471506
2021-08-09,22.9800,23.2700,22.7000,22.9500,3510233
2021-08-06,22.8300,23.4050,22.7500,23.1300,1748412
2021-08-05,22.1100,22.4200,22.0500,22.3700,978242
2021-08-04,21.8200,22.4000,21.7400,21.9500,1834876
2021-08-03,21.7800,22.3000,21.3000,22.2600,1874937
2021-08-02,21.8200,22.4600,21.4450,21.6600,1425966
2021-07-30,21.7300,22.2200,21.5800,21.7100,1403591
2021-07-29,22.0200,22.1050,21.6000,21.9000,1400605
2021-07-28,21.7500,22.1000,21.3100,21.7700,1639117
2021-07-27,21.3800,21.7900,21.2500,21.5600,1204618
2021-07-26,21.7800,22.1200,21.6250,21.6900,1222585
2021-07-23,21.7900,21.9100,21.3800,21.7500,1303621
2021-07-22,21.7100,21.8500,21.0400,21.4400,2210073
2021-07-21,22.0300,22.3950,21.7400,21.7700,2069723
2021-07-20,20.6300,22.0250,20.6300,21.6400,2496972
2021-07-19,20.8500,21.3900,20.5700,20.7500,2548859
2021-07-16,22.6800,22.7595,21.5200,21.6200,1399115
2021-07-15,22.0000,22.7000,21.7800,22.4500,2024591
2021-07-14,22.7400,23.0900,22.0700,22.2800,3279924
2021-07-13,23.2900,23.2900,22.4800,22.7600,1728496
2021-07-12,23.0900,23.4500,22.7500,23.3600,1582050
2021-07-09,23.0800,23.6300,22.7600,23.5500,1827691
2021-07-08,22.6700,22.9000,22.2600,22.4500,2601849
2021-07-07,23.0500,23.5400,23.0500,23.2900,1699719
2021-07-06,24.3500,24.3500,23.4300,23.4600,2053643
2021-07-02,25.0700,25.0700,24.2800,24.4600,2292985
2021-07-01,25.0000,25.3700,24.8500,25.1200,2257344
2021-06-30,24.5700,24.8500,24.5100,24.7900,2802068
2021-06-29,25.4700,25.7900,24.6400,24.6700,1834989
2021-06-28,25.9900,26.0000,25.1600,25.2100,2026165
2021-06-25,25.8200,26.3750,25.5500,26.1800,2566417
2021-06-24,25.3700,25.8150,25.0600,25.6200,1290243
2021-06-23,25.1600,25.3600,25.0200,25.1500,1081477
2021-06-22,24.9800,25.1600,24.4450,24.9600,1351601
2021-06-21,24.1400,25.0750,24.1400,24.9800,2115532
2021-06-18,23.8300,24.3400,23.5600,23.9000,6565404
2021-06-17,26.3300,26.4200,24.3300,24.3700,2666781
2021-06-16,25.4700,26.2600,25.0550,26.1500,1607958
2021-06-15,25.2400,26.0050,25.0250,25.6800,1418447
2021-06-14,25.8900,26.3100,25.0500,25.1800,2291274
2021-06-11,25.9200,26.2850,25.7400,26.0200,1135300
2021-06-10,26.5600,26.5600,25.7400,25.7700,1511323
2021-06-09,26.3700,26.4000,26.0500,26.1500,1004054
2021-06-08,26.0800,26.6200,25.7150,26.6200,1580406
2021-06-07,26.2900,26.5450,26.1500,26.3700,1123432
2021-06-04,26.3200,26.3800,25.7800,26.1800,1840711
2021-06-03,26.6200,26.8400,26.3700,26.3800,1564515
2021-06-02,27.1200,27.1200,26.6000,26.6800,1820750
2021-06-01,26.8800,27.2200,26.8100,27.0200,1547889
2021-05-28,26.8300,26.8700,26.1600,26.6400,1671893
2021-05-27,26.4800,26.8250,26.3800,26.8000,1459763
2021-05-26,25.4100,26.0500,25.3400,26.0300,1323591
2021-05-25,26.2200,26.5550,25.2800,25.3200,1803540
