timestamp,open,high,low,close,volume
2021-10-14,202.9800,203.2200,200.2601,202.5000,1800610
2021-10-13,202.6400,202.8905,198.2450,201.7600,1353812
2021-10-12,200.3900,203.9000,200.0200,203.3000,1864681
2021-10-11,203.6900,204.9300,200.9300,201.0500,1420108
2021-10-08,201.5500,203.8700,200.7100,202.7600,1021451
2021-10-07,202.7800,203.6300,201.1800,201.8000,1570601
2021-10-06,199.5200,201.0000,196.8000,200.8200,1428491
2021-10-05,199.4700,202.1600,198.1600,200.4900,1924948
2021-10-04,197.8100,200.9800,196.4300,198.0900,1334928
2021-10-01,194.5300,199.9600,193.9400,198.3100,1501441
2021-09-30,198.8900,198.9050,195.4500,195.6400,1455308
2021-09-29,198.5300,199.0500,196.9000,197.4400,1955411
2021-09-28,200.6600,202.1800,197.0600,197.7200,1973859
2021-09-27,197.6300,200.4600,197.2500,200.2000,1696895
2021-09-24,193.6100,196.2500,193.5100,194.5000,1195424
2021-09-23,189.4400,195.0000,189.4400,193.6100,1312156
2021-09-22,185.9500,188.9800,185.8950,187.6700,1309212
2021-09-21,185.6000,186.8300,183.9500,183.9700,1242657
2021-09-20,183.7300,185.0400,181.6800,184.6700,2406405
2021-09-17,189.9000,191.3650,188.3100,188.9200,2850365
2021-09-16,191.6100,192.8600,189.1400,189.9000,985354
2021-09-15,187.4300,191.3217,187.4300,190.1800,1613376
2021-09-14,195.0200,196.0600,186.0200,188.3500,3781979
2021-09-13,193.8400,195.7200,192.6600,194.4600,1295033
2021-09-10,193.8500,193.8500,191.3300,191.6600,1358328
2021-09-09,191.4700,194.5400,191.1800,192.2800,1577790
2021-09-08,191.5300,192.2400,190.4200,191.7200,1822620
2021-09-07,192.4000,194.7300,191.9200,192.2100,2196797
2021-09-03,191.7700,192.8500,190.6300,191.5200,1529201
2021-09-02,189.4400,192.4900,189.2200,191.7100,1719815
2021-09-01,191.7500,191.7500,188.1800,189.4800,1792470
2021-08-31,191.0000,192.3400,189.6625,191.1000,2229889
2021-08-30,195.0000,195.0000,190.1000,190.6100,1714833
2021-08-27,191.5000,194.7400,191.1200,194.5100,1337160
2021-08-26,193.1200,193.9000,190.6300,191.0000,1002003
2021-08-25,189.4300,193.4300,188.4500,192.1300,1637189
2021-08-24,187.1400,189.1900,187.1100,188.4800,1401484
2021-08-23,187.0000,188.6500,186.8250,187.2700,1148013
2021-08-20,184.1400,186.5100,183.5800,185.8200,1399966
2021-08-19,183.6500,186.0800,183.0400,184.3400,1412330
2021-08-18,186.3600,189.2400,185.4100,185.5600,966993
2021-08-17,188.2100,189.6200,184.9400,187.7500,1096453
2021-08-16,188.9600,189.7900,186.4340,189.6500,1484521
2021-08-13,193.8200,194.3540,189.8400,190.3800,1532507
2021-08-12,193.9300,195.3300,192.9600,193.4000,1580897
2021-08-11,192.5000,193.9500,190.2600,193.9000,3874435
2021-08-10,188.8500,193.7500,188.8500,191.7000,1618853
2021-08-09,189.5900,191.7800,188.2000,190.0100,986946
2021-08-06,189.3500,192.0300,188.9700,190.2700,1247958
2021-08-05,186.9500,188.1900,185.7500,186.6800,1082716
2021-08-04,184.0400,187.2100,183.5000,185.0200,1008620
2021-08-03,183.5100,187.3150,180.4300,186.3400,1552782
2021-08-02,183.5300,186.7000,181.3100,181.7800,1025864
2021-07-30,184.4900,186.4000,181.7100,182.4100,1020421
2021-07-29,185.6700,186.1350,183.4800,185.1600,824368
2021-07-28,185.0000,185.5600,182.2900,183.7600,814541
2021-07-27,182.0900,185.0000,180.8700,184.2700,893169
2021-07-26,183.6500,185.5100,183.0000,184.5200,873806
2021-07-23,183.1000,185.1900,181.9800,183.0200,1019493
2021-07-22,184.5000,184.9600,180.6650,181.7200,1931291
2021-07-21,183.6700,186.2500,183.5400,184.8700,1440729
2021-07-20,177.8600,183.4700,177.2100,181.6000,1722566
2021-07-19,179.2000,180.9400,176.4300,177.8000,1653320
2021-07-16,190.1300,190.3700,182.8050,183.4300,1445273
2021-07-15,186.4600,191.7800,185.7599,189.5000,2042938
2021-07-14,186.4000,191.4500,185.4900,188.3400,2564862
2021-07-13,190.6700,191.2650,187.9800,189.2800,1551494
2021-07-12,187.6800,192.3500,185.8700,191.9100,1778880
2021-07-09,186.7500,190.0200,185.9700,189.6700,1743984
2021-07-08,183.6100,184.8800,181.6800,183.2300,2886984
2021-07-07,186.0000,188.4200,185.5400,186.5800,1108865
2021-07-06,190.8200,192.4400,185.6700,187.9600,2147071
2021-07-02,193.4700,193.5466,191.0600,192.7900,1599243
2021-07-01,191.4700,192.4400,190.3900,191.7400,1045442
2021-06-30,189.5800,191.4100,189.5600,190.7600,1291410
2021-06-29,192.9800,194.4900,189.4700,190.4700,1689701
2021-06-28,192.4100,192.4100,189.9100,191.6000,1682006
2021-06-25,190.0300,193.6550,188.9001,193.3600,1814705
2021-06-24,186.5000,189.6700,185.0351,189.1800,1690892
2021-06-23,184.5000,186.3900,184.1000,185.1300,1017251
2021-06-22,183.6300,185.1400,181.6700,183.9100,1415321
2021-06-21,180.4400,184.3500,179.7405,184.1500,1386325
2021-06-18,180.6400,180.6400,177.6850,178.3300,3944199
2021-06-17,192.0400,192.0400,181.7300,182.4500,2544206
2021-06-16,188.3600,191.5400,186.1300,190.1100,1678830
2021-06-15,187.2000,190.0650,186.7600,189.2700,1594461
2021-06-14,188.9200,189.0700,185.8900,187.1100,1718582
2021-06-11,189.2800,190.5000,187.7900,189.2000,1317263
2021-06-10,193.4800,193.6000,188.6700,188.7500,1236117
2021-06-09,192.5900,193.0600,190.6100,190.7900,1309519
2021-06-08,191.3000,194.3000,189.5500,194.1000,1524109
2021-06-07,194.7700,194.7700,192.7000,193.1100,907893
2021-06-04,195.8100,196.2300,193.3112,194.0000,1403905
2021-06-03,195.2000,198.3800,194.0400,195.8800,1329470
2021-06-02,196.6900,196.8700,193.8900,195.4200,1102596
2021-06-01,197.7700,197.8200,194.6100,195.8200,1494363
2021-05-28,194.3200,195.2000,192.1100,194.6800,857053
2021-05-27,194.6900,195.5000,192.5400,194.1200,2515395
2021-05-26,193.2400,194.0000,190.4500,191.9000,1687633
2021-05-25,194.7400,196.1000,191.4500,191.7000,1741518
