timestamp,open,high,low,close,volume
2021-10-14,18.2500,18.4400,17.9600,18.0300,27400
2021-10-13,18.1300,18.2000,18.0000,18.1500,15987
2021-10-12,18.2300,18.2300,18.0102,18.1600,16485
2021-10-11,18.1600,18.2300,18.0200,18.1100,16991
2021-10-08,18.1200,18.1900,17.9100,17.9500,19336
2021-10-07,18.0100,18.2400,17.8000,18.2400,75418
2021-10-06,17.7500,17.8828,17.7500,17.8300,38023
2021-10-05,18.0162,18.0221,17.7700,17.9100,74953
2021-10-04,17.8500,17.9100,17.6300,17.7300,24386
2021-10-01,17.6800,18.0500,17.4400,17.8600,43630
2021-09-30,17.8600,17.9600,17.5000,17.5900,31050
2021-09-29,17.3800,17.9700,17.3800,17.7800,45162
2021-09-28,17.6800,17.6800,17.3200,17.3400,14415
2021-09-27,17.2900,17.7100,17.2900,17.5700,23845
2021-09-24,17.1500,17.3600,17.0600,17.2800,29842
2021-09-23,17.2900,17.3450,17.0500,17.3100,26743
2021-09-22,17.1700,17.4700,16.9900,17.0900,30572
2021-09-21,17.1300,17.4900,16.9000,16.9100,19434
2021-09-20,17.5500,17.5500,16.4700,16.9200,30286
2021-09-17,17.2500,17.7500,17.0500,17.7400,174352
2021-09-16,17.1000,17.2700,16.9900,17.0100,24355
2021-09-15,17.2200,17.2200,17.0000,17.1300,32033
2021-09-14,17.2000,17.2500,16.9877,17.0500,40747
2021-09-13,17.3800,17.5100,17.1100,17.1700,18219
2021-09-10,17.7300,17.7300,17.1900,17.2800,55830
2021-09-09,17.6420,18.0000,17.6300,17.7300,60259
2021-09-08,17.5500,17.8700,17.5500,17.6300,24101
2021-09-07,18.0000,18.0000,17.5100,17.6400,24540
2021-09-03,17.8100,18.0000,17.6000,17.9400,20227
2021-09-02,17.7700,17.8000,17.5300,17.7800,29902
2021-09-01,17.7500,17.8400,17.5000,17.7400,53865
2021-08-31,17.4300,17.7500,17.3700,17.7500,35571
2021-08-30,17.6500,17.6500,17.2900,17.3000,24147
2021-08-27,17.4200,17.8000,17.3400,17.8000,45639
2021-08-26,17.4100,17.4400,17.2000,17.2700,29591
2021-08-25,17.3400,17.5300,17.2500,17.2800,20107
2021-08-24,17.5500,17.5500,17.1600,17.2000,19368
2021-08-23,17.8600,17.8600,17.4500,17.4500,27276
2021-08-20,17.3800,17.8000,17.2400,17.8000,59311
2021-08-19,17.3400,17.5700,17.1100,17.5700,32794
2021-08-18,17.4200,17.7000,17.4200,17.6000,36231
2021-08-17,17.6600,17.8300,17.0500,17.4000,44026
2021-08-16,17.7200,17.9650,17.4800,17.7100,57933
2021-08-13,17.9100,17.9300,17.6600,17.8600,17919
2021-08-12,17.4200,17.9000,17.4200,17.9000,43934
2021-08-11,17.8100,17.8100,17.0900,17.6000,67588
2021-08-10,17.6900,17.6900,17.4801,17.6000,18173
2021-08-09,17.5900,17.6700,17.0700,17.4800,20741
2021-08-06,17.5000,17.8300,17.4900,17.5300,34316
2021-08-05,17.2700,17.5000,17.1835,17.2900,34976
2021-08-04,17.3600,17.4500,17.0800,17.0800,23963
2021-08-03,17.1300,17.4600,17.1300,17.4300,47849
2021-08-02,17.2100,17.4200,16.9200,17.1300,35404
2021-07-30,17.0400,17.4000,16.8500,17.1300,66951
2021-07-29,17.0300,17.3900,16.9840,17.2500,47211
2021-07-28,17.0000,17.2400,16.6800,16.9800,51639
2021-07-27,16.6100,16.9000,16.5450,16.8400,38690
2021-07-26,16.2700,16.9000,16.2700,16.7000,30585
2021-07-23,16.7400,16.7400,16.3600,16.4900,46832
2021-07-22,16.9700,17.1700,16.4100,16.6700,82005
2021-07-21,17.0300,17.3100,16.8200,16.9700,46362
2021-07-20,16.9300,17.3500,16.5900,16.7700,162841
2021-07-19,17.3400,17.5000,16.7000,16.9000,100471
2021-07-16,18.2200,18.2700,17.4000,17.6400,98141
2021-07-15,17.9500,18.6800,17.0200,17.9700,144325
2021-07-14,18.0900,18.3600,17.9100,18.2600,57673
2021-07-13,18.0900,18.2300,17.8300,18.0300,33523
2021-07-12,18.1900,18.2400,17.9900,18.2200,32797
2021-07-09,17.5100,18.7100,17.5100,18.1100,49500
2021-07-08,18.2000,18.2000,17.2500,17.4500,44508
2021-07-07,18.1750,18.5800,18.0500,18.2000,25614
2021-07-06,18.0400,18.3200,17.9014,18.1600,56860
2021-07-02,17.8900,18.3550,17.8400,18.1000,45719
2021-07-01,17.6100,18.1800,17.6100,17.9300,57166
2021-06-30,17.5400,17.7150,17.3300,17.5200,103109
2021-06-29,17.3300,17.7200,17.2200,17.6100,68860
2021-06-28,16.7100,17.5900,16.5300,17.1600,66987
2021-06-25,17.4300,17.6400,16.5400,16.9000,2017643
2021-06-24,17.0300,17.4700,16.8500,17.3900,132445
2021-06-23,16.9700,17.2600,16.9400,16.9400,82162
2021-06-22,17.3500,17.7200,16.8100,17.0400,185845
2021-06-21,17.0900,17.6000,17.0900,17.3800,240200
2021-06-18,17.0100,17.3300,16.8200,17.1700,196293
2021-06-17,17.6900,17.7500,17.1900,17.3200,189663
2021-06-16,17.5000,17.7800,17.3500,17.7500,188600
2021-06-15,17.4300,17.6500,17.2400,17.5000,75565
2021-06-14,17.0800,17.4700,16.9400,17.3200,94984
2021-06-11,16.9800,17.1000,16.8750,17.0800,75076
2021-06-10,17.0500,17.1000,16.5000,16.9400,71775
2021-06-09,16.9400,17.1200,16.8601,16.9500,78720
2021-06-08,17.2000,17.2900,16.9000,16.9400,90337
2021-06-07,17.2500,17.6300,16.8714,17.1000,201673
2021-06-04,16.8400,17.6000,16.7200,17.5500,42603
2021-06-03,16.9500,17.2200,16.3700,16.5500,71150
2021-06-02,17.1800,17.4300,16.9500,16.9700,46650
2021-06-01,17.3585,17.4600,17.0500,17.3200,44521
2021-05-28,17.8000,17.8000,17.2500,17.3200,19060
2021-05-27,17.6900,18.2400,17.4300,17.4300,32997
2021-05-26,17.4500,17.8000,17.4000,17.5700,30151
2021-05-25,17.5000,17.5000,17.3200,17.3600,39447
