timestamp,open,high,low,close,volume
2021-10-14,46.6750,46.8900,44.8300,45.3100,52740136
2021-10-13,46.5700,46.5700,45.2200,46.0500,24150340
2021-10-12,47.2900,47.5300,46.5150,46.6500,18995676
2021-10-11,48.2000,48.4600,47.2200,47.2800,15387863
2021-10-08,47.8700,48.3400,47.6550,48.0000,14295435
2021-10-07,48.2600,48.5900,47.5400,47.7600,19272290
2021-10-06,47.5800,48.0850,47.0600,47.8700,17425672
2021-10-05,47.5000,48.4500,47.3500,47.9600,20250450
2021-10-04,47.0200,47.6900,46.6700,47.0200,22315163
2021-10-01,46.5500,47.3100,46.4900,47.0200,18021686
2021-09-30,47.1400,47.1500,46.1200,46.4100,22947456
2021-09-29,46.4500,47.1500,45.9300,47.0300,21730185
2021-09-28,47.0100,47.0300,45.0650,45.9200,49349105
2021-09-27,48.3800,48.9400,46.1600,47.5600,48927455
2021-09-24,47.7800,48.5700,47.7300,47.9200,20384668
2021-09-23,47.4600,48.1700,47.1550,47.8000,21852833
2021-09-22,46.4900,47.6850,46.4700,47.0800,29430711
2021-09-21,45.9750,46.3550,45.7301,45.8500,23049147
2021-09-20,45.0300,45.8700,44.8400,45.8100,30603110
2021-09-17,45.7400,46.6850,45.7400,46.4700,35634049
2021-09-16,46.9000,47.2700,46.0050,46.2800,24102388
2021-09-15,45.8700,46.8900,45.8500,46.6400,31535647
2021-09-14,46.0200,46.9400,45.7550,46.0500,36053222
2021-09-13,44.5550,45.8100,44.5550,45.7600,28027245
2021-09-10,45.0000,45.2500,44.1850,44.3300,23367394
2021-09-09,43.8500,44.7150,43.7600,44.3600,19776855
2021-09-08,44.1200,44.5400,43.6300,43.8200,21252445
2021-09-07,44.3200,44.9600,44.2500,44.3100,19740337
2021-09-03,44.4900,44.5000,43.8200,44.1700,21715844
2021-09-02,43.6800,44.8750,43.5400,44.5700,37650009
2021-09-01,45.7000,45.9700,43.2700,43.4500,84960543
2021-08-31,48.4100,48.9900,45.2100,45.7000,73514276
2021-08-30,49.7600,49.8100,48.3500,48.4100,16054070
2021-08-27,49.2200,49.8500,49.1200,49.8100,16873293
2021-08-26,49.5300,49.8700,48.8900,49.0500,21627625
2021-08-25,48.6200,49.6200,48.4700,49.2900,21357377
2021-08-24,47.7500,48.3700,47.7058,48.3600,15109050
2021-08-23,47.7500,47.9900,47.4450,47.6100,15551923
2021-08-20,47.1300,47.4450,46.8400,47.4200,15357369
2021-08-19,47.3500,47.9530,46.8300,47.2500,20259394
2021-08-18,48.3600,48.9750,47.9000,47.9700,16319283
2021-08-17,48.8800,49.3672,48.0250,48.7100,16887015
2021-08-16,49.9300,49.9800,48.9400,49.4100,22618934
2021-08-13,51.2100,51.4100,50.1750,50.3700,15829612
2021-08-12,50.7600,51.2500,50.5600,51.1500,21737916
2021-08-11,49.6300,50.7300,49.1700,50.6600,29203916
2021-08-10,48.7300,49.6900,48.6850,49.6300,28708128
2021-08-09,48.6600,49.3400,48.2900,48.6500,29795184
2021-08-06,47.5000,48.9900,47.4500,48.7700,33583895
2021-08-05,46.0500,47.0000,46.0100,46.9900,28092591
2021-08-04,46.2700,46.9700,46.0400,46.1500,22177986
2021-08-03,45.9800,46.9350,45.1100,46.8300,24050332
2021-08-02,46.0400,46.8100,45.5700,45.7900,23960718
2021-07-30,46.2600,46.8529,45.7250,45.9400,25794022
2021-07-29,45.8900,46.7100,45.6800,46.5000,24388153
2021-07-28,45.3800,46.0350,44.9800,45.5100,23252786
2021-07-27,44.5900,45.3799,44.2700,45.1400,22124508
2021-07-26,44.4700,45.2381,44.4700,45.0100,22976698
2021-07-23,45.1000,45.5100,44.4200,44.5900,23946475
2021-07-22,45.8400,45.9450,44.8000,45.0300,23309504
2021-07-21,45.2900,46.1450,45.2100,45.8000,29654627
2021-07-20,43.0000,45.1500,42.8700,44.8400,34556156
2021-07-19,42.7100,43.3000,42.2900,43.0500,43362218
2021-07-16,45.4100,45.5300,44.1050,44.2800,27838162
2021-07-15,44.5900,45.3900,44.3700,45.0000,33388140
2021-07-14,43.6000,45.1300,42.5100,44.9500,49618019
2021-07-13,43.7900,44.1300,43.0100,43.2300,25387815
2021-07-12,43.2800,44.2500,42.9550,44.1600,17618924
2021-07-09,43.1799,44.1100,42.8500,43.9100,25055931
2021-07-08,42.5800,42.9500,41.9700,42.3200,29148739
2021-07-07,43.2800,43.9650,43.1200,43.4000,21883952
2021-07-06,44.7300,44.8200,43.3000,43.4900,25486864
2021-07-02,45.3000,45.4100,44.8400,45.0700,13221611
2021-07-01,45.4800,45.6400,44.9700,45.4100,18658011
2021-06-30,44.6200,45.3850,44.4500,45.2900,18168081
2021-06-29,46.0400,46.3800,44.6000,44.7900,39534033
2021-06-28,46.0000,46.0700,45.0900,45.7900,27127537
2021-06-25,45.5700,46.6500,45.2200,46.3800,49074747
2021-06-24,44.2600,45.4200,44.2100,45.1800,27951013
2021-06-23,43.5000,44.3100,43.5000,43.9600,18778502
2021-06-22,43.4100,43.8710,42.8550,43.5400,26455220
2021-06-21,42.2950,43.3100,42.2300,43.2800,26444695
2021-06-18,41.6800,42.3100,41.4700,41.7500,61292236
2021-06-17,45.7900,45.9600,42.6550,42.7900,48910365
2021-06-16,44.9500,45.9600,44.3200,45.5700,37849903
2021-06-15,45.2000,45.7200,44.9950,45.4600,23865420
2021-06-14,45.6100,45.8800,44.8399,45.1500,25452273
2021-06-11,45.1800,45.6900,45.1800,45.6800,19389342
2021-06-10,46.4700,46.6500,45.0130,45.0900,21640010
2021-06-09,46.2400,46.3400,45.6310,45.9200,22617509
2021-06-08,46.7400,47.0100,46.3032,46.6100,21271669
2021-06-07,47.1000,47.1800,46.7750,47.1100,16644280
2021-06-04,47.0600,47.1000,46.5100,46.9600,18190344
2021-06-03,46.6900,47.0000,46.3500,46.4600,20206431
2021-06-02,47.3800,47.4600,46.5800,46.8100,18492643
2021-06-01,47.1600,47.4100,46.7900,47.2600,17878633
2021-05-28,46.8500,46.8800,46.2800,46.7200,15762254
2021-05-27,46.9900,47.3800,46.3100,46.7600,42572888
2021-05-26,46.1100,46.5950,45.6000,46.4000,26170626
2021-05-25,46.3900,47.0200,46.0350,46.0900,29415310
