timestamp,open,high,low,close,volume
2021-10-14,39.3250,39.4900,39.1600,39.2600,1740
2021-10-13,39.2000,39.4600,39.0600,39.1500,10420
2021-10-12,39.3500,39.5700,39.2000,39.2000,4479
2021-10-11,39.3400,39.5000,38.9500,39.3800,3364
2021-10-08,39.0200,39.7900,38.9900,39.0600,5813
2021-10-07,38.8100,40.0000,38.5916,39.4500,8222
2021-10-06,38.3231,38.9800,38.3231,38.9800,3278
2021-10-05,38.8400,38.9100,38.0401,38.9100,5757
2021-10-04,38.5000,38.8494,38.3600,38.4300,4689
2021-10-01,37.6200,38.7100,37.6200,38.3100,9887
2021-09-30,38.4950,38.5264,38.3000,38.3000,1842
2021-09-29,38.1700,38.5500,38.1101,38.3100,3426
2021-09-28,38.3800,38.8300,37.9100,38.3955,6345
2021-09-27,38.5100,38.6600,37.9100,38.6200,4632
2021-09-24,37.5000,37.9500,37.2200,37.6100,14959
2021-09-23,37.1700,37.8600,37.0900,37.5100,7621
2021-09-22,37.7000,37.7000,37.1500,37.1700,8520
2021-09-21,37.6400,37.6400,37.1100,37.1200,6380
2021-09-20,37.9000,37.9000,36.8300,37.7400,13500
2021-09-17,37.9700,38.3800,37.9100,38.3800,10431
2021-09-16,38.0600,38.1500,37.8100,38.1100,3787
2021-09-15,38.0400,38.1100,37.9200,38.0000,3391
2021-09-14,38.2500,38.2500,37.6600,38.0000,15858
2021-09-13,37.8100,38.1869,37.8100,38.0800,10246
2021-09-10,38.8500,38.8500,37.7000,38.1500,24322
2021-09-09,38.7500,38.9000,38.5600,38.5600,10535
2021-09-08,39.0500,39.4200,38.8000,38.9300,8060
2021-09-07,39.3600,39.5900,39.1400,39.3200,3986
2021-09-03,39.4750,39.4750,38.8200,39.3500,10463
2021-09-02,39.8400,39.9900,39.5100,39.5100,7792
2021-09-01,39.3500,39.9200,39.2900,39.6700,12145
2021-08-31,39.3300,39.7200,38.9413,39.1500,8491
2021-08-30,39.1300,39.5300,38.6601,38.9800,9384
2021-08-27,39.1700,39.7900,38.9200,39.1800,16244
2021-08-26,39.2825,39.2825,38.6100,38.9900,10872
2021-08-25,38.5700,39.3700,38.5700,39.0200,10802
2021-08-24,38.9300,38.9800,38.5600,38.7000,5756
2021-08-23,38.8300,39.0400,38.5600,38.7000,10673
2021-08-20,38.6100,38.9900,38.5600,38.5900,6116
2021-08-19,38.5800,39.1500,38.4000,38.5700,14354
2021-08-18,39.6500,39.7000,38.7200,38.7200,13308
2021-08-17,39.4800,39.7500,39.1100,39.6000,10691
2021-08-16,39.6500,39.9900,39.5100,39.6900,3619
2021-08-13,39.3900,39.9000,39.0800,39.7000,15987
2021-08-12,40.0000,40.0000,39.7800,39.7800,4705
2021-08-11,39.7600,39.9200,39.7300,39.9200,2306
2021-08-10,39.8799,40.0000,39.7600,39.7900,12411
2021-08-09,39.7000,40.0000,39.5700,40.0000,4737
2021-08-06,39.7600,40.0000,39.5200,40.0000,13829
2021-08-05,39.2000,39.9800,38.9300,39.7000,29308
2021-08-04,38.5720,39.3860,38.5601,38.5700,10582
2021-08-03,39.0600,39.5900,38.6100,38.7100,17610
2021-08-02,39.0900,39.2300,38.8200,39.1400,12559
2021-07-30,39.7000,39.7000,38.9231,39.0700,7360
2021-07-29,39.7900,40.3200,39.1500,39.4000,5559
2021-07-28,38.8700,39.3000,38.6600,39.3000,13120
2021-07-27,38.8800,39.2500,38.4900,38.4900,10402
2021-07-26,38.3400,39.4100,38.2700,39.1200,28625
2021-07-23,38.9300,38.9300,38.0300,38.4100,12267
2021-07-22,38.3000,38.8300,38.0600,38.2500,9158
2021-07-21,39.4250,39.8900,38.2800,38.2800,28367
2021-07-20,38.0200,39.5000,38.0200,38.6000,23393
2021-07-19,38.2500,38.4900,37.7500,37.8200,17162
2021-07-16,38.2100,39.4950,37.9600,39.1300,29547
2021-07-15,37.0000,37.8300,37.0000,37.7700,10952
2021-07-14,37.0700,37.1710,36.9500,36.9800,3089
2021-07-13,37.3100,37.3100,36.8600,36.9700,11545
2021-07-12,36.6400,37.6600,36.6400,37.3000,11647
2021-07-09,36.2500,37.2400,36.2500,36.9000,9959
2021-07-08,36.1100,36.5000,35.9500,36.0500,15241
2021-07-07,36.6600,37.0300,36.2300,36.4400,23891
2021-07-06,37.5000,37.5000,36.5000,36.8100,33860
2021-07-02,37.1400,37.6100,37.1400,37.3500,14078
2021-07-01,37.4500,37.4500,36.9200,37.1600,18319
2021-06-30,37.4400,37.5400,37.0100,37.1000,18364
2021-06-29,38.0500,38.3350,37.5500,37.5500,42408
2021-06-28,38.1300,38.9500,37.9000,38.0700,21916
2021-06-25,38.4500,38.5900,37.9100,37.9100,663754
2021-06-24,37.8000,38.4600,37.7500,38.3900,36221
2021-06-23,37.5000,37.8700,37.5000,37.7900,40472
2021-06-22,37.8000,37.8000,37.4000,37.5100,37995
2021-06-21,37.5500,39.0100,37.5000,37.5200,28954
2021-06-18,38.3600,38.3600,37.0600,37.4900,34427
2021-06-17,40.0550,40.4500,38.5500,38.5600,38395
2021-06-16,38.9000,40.3300,38.9000,39.9600,30116
2021-06-15,38.5500,38.8700,38.5000,38.8700,17982
2021-06-14,38.7400,38.9100,38.5000,38.5100,23981
2021-06-11,38.8200,38.9900,38.5398,38.7400,9649
2021-06-10,38.9700,38.9700,38.5000,38.6100,19158
2021-06-09,38.5000,38.6500,38.5000,38.6500,15461
2021-06-08,38.1001,38.5500,38.1000,38.5500,22232
2021-06-07,38.0500,38.3400,37.8600,38.0800,24030
2021-06-04,37.8300,38.3775,37.7200,38.0300,22541
2021-06-03,37.5500,37.7806,37.5100,37.7200,10234
2021-06-02,37.6000,37.6800,37.5500,37.6800,5651
2021-06-01,38.0300,38.0300,37.5600,37.9400,13295
2021-05-28,37.5000,37.9400,36.6550,37.8200,15369
2021-05-27,36.6800,38.1300,36.6800,38.1300,16586
2021-05-26,36.3800,36.5500,36.2300,36.5500,10307
2021-05-25,37.6300,37.9200,36.2500,36.2500,20627
