timestamp,open,high,low,close,volume
2021-10-14,83.5500,83.5500,81.9800,82.4500,1277920
2021-10-13,83.6500,83.7200,81.2100,82.4300,1160854
2021-10-12,83.0500,83.8800,82.7300,83.6500,757572
2021-10-11,84.6900,85.3500,83.4100,83.4700,892925
2021-10-08,83.8800,85.0800,83.5200,84.2300,946625
2021-10-07,84.8300,85.1500,83.6800,84.1500,792232
2021-10-06,83.5500,84.0600,81.5900,83.8700,1191313
2021-10-05,84.7500,84.8300,83.2800,84.0900,1499482
2021-10-04,82.5700,84.2691,82.1900,82.9700,1130082
2021-10-01,80.9100,83.3000,80.6300,82.5700,1474719
2021-09-30,82.9400,82.9400,80.5000,80.5000,1641987
2021-09-29,81.9800,83.0300,81.3000,82.5200,1367553
2021-09-28,82.6200,82.7600,81.3000,81.6000,1306800
2021-09-27,79.9200,82.4200,79.8350,81.9200,1912265
2021-09-24,77.2100,79.5100,77.0200,78.4400,1269726
2021-09-23,74.6700,78.0200,74.4300,77.1700,2016362
2021-09-22,72.4200,74.7150,72.0500,73.5700,1896268
2021-09-21,72.5000,72.7300,70.8100,71.3200,932506
2021-09-20,71.7000,72.0700,70.3700,71.9700,1586500
2021-09-17,73.8000,74.7400,73.4500,74.0700,3550079
2021-09-16,73.8800,74.8600,73.4200,73.7600,1500092
2021-09-15,71.7700,73.7700,71.7700,73.2700,1613083
2021-09-14,73.6800,74.0100,71.2500,71.5100,1920911
2021-09-13,73.6800,74.3100,72.6400,74.1900,1881760
2021-09-10,73.5200,74.1100,72.2400,72.8000,1436669
2021-09-09,71.9500,74.0500,71.5700,73.1200,2007352
2021-09-08,72.5700,73.1600,72.0400,72.1100,981953
2021-09-07,72.8900,73.9000,72.7000,72.8600,1590986
2021-09-03,72.8600,73.1800,71.8250,72.3100,1202111
2021-09-02,72.5000,73.3700,71.9700,72.7300,1240921
2021-09-01,73.8900,73.9600,71.7300,72.4700,2447351
2021-08-31,73.8000,74.8300,73.3000,73.9100,1497013
2021-08-30,75.8700,75.8700,73.5100,73.5300,1353274
2021-08-27,74.2200,75.9500,74.1300,75.6300,1371544
2021-08-26,75.6700,75.7700,73.9500,74.0700,1211508
2021-08-25,74.3400,76.0050,73.7900,75.2200,1204950
2021-08-24,72.7000,73.8100,72.6700,73.6500,1221213
2021-08-23,71.8600,73.0400,71.7900,72.5600,1159993
2021-08-20,70.7000,71.5000,70.3400,71.2800,1357369
2021-08-19,70.8200,71.7900,70.3050,70.9100,1233984
2021-08-18,72.0700,73.5300,71.6300,71.8700,1192544
2021-08-17,73.3100,73.9100,71.6700,72.5100,1405561
2021-08-16,74.2100,74.7500,73.2000,74.1600,1166540
2021-08-13,75.7300,75.9300,74.5100,74.9500,843163
2021-08-12,75.0300,75.5200,74.4300,75.5000,1094322
2021-08-11,73.6300,75.1500,72.7113,74.8900,1338900
2021-08-10,71.7200,73.5800,71.7200,73.3800,926403
2021-08-09,71.7200,72.8100,71.1200,71.9900,1083865
2021-08-06,71.9300,73.1800,71.2200,72.2500,1210350
2021-08-05,69.4000,70.4400,69.3900,70.1000,1182958
2021-08-04,68.1300,69.8500,67.9200,68.7200,1072563
2021-08-03,68.0900,69.5750,66.5000,69.3700,1101638
2021-08-02,69.1500,70.7200,67.6300,67.6600,1594966
2021-07-30,68.9600,70.1900,68.2600,68.6600,1352115
2021-07-29,69.1400,69.9200,68.5400,69.3900,1470075
2021-07-28,68.2000,69.1700,66.8900,68.4000,1296963
2021-07-27,66.8000,68.1100,66.3600,67.6300,794870
2021-07-26,67.4800,68.6950,67.3300,67.7500,969231
2021-07-23,68.0000,68.8000,66.8400,67.0200,1275194
2021-07-22,68.1900,68.2800,66.4500,67.1200,933063
2021-07-21,66.1600,69.8000,66.1600,68.3900,1508818
2021-07-20,63.2200,66.9000,63.2200,65.6600,1862942
2021-07-19,64.6800,65.3750,63.0700,63.5300,1642488
2021-07-16,69.5600,69.6600,66.4500,66.6600,1375525
2021-07-15,67.8200,69.6200,67.3250,69.0200,989462
2021-07-14,69.0800,70.1266,66.9000,68.5800,1487509
2021-07-13,69.4800,69.7000,68.1700,68.9400,1078980
2021-07-12,68.2100,70.1550,67.5700,69.7900,917190
2021-07-09,68.1200,69.4000,67.4000,69.2500,1374647
2021-07-08,66.5900,67.4300,65.8800,66.4900,1529735
2021-07-07,68.0600,69.1600,67.6100,68.0700,1728428
2021-07-06,71.1100,71.1100,68.4750,69.0800,1197134
2021-07-02,71.8700,72.1500,71.0000,71.7300,901010
2021-07-01,72.0800,72.5200,71.2700,72.1800,945146
2021-06-30,70.8000,71.6800,70.7600,71.3400,775217
2021-06-29,72.3600,72.8600,70.6200,71.0200,672366
2021-06-28,73.2000,73.2800,71.4300,71.7400,994192
2021-06-25,72.9800,74.0200,72.2100,73.6800,1875464
2021-06-24,71.7600,72.7700,71.1800,72.4000,1231149
2021-06-23,71.1500,72.1500,70.8400,71.4400,941040
2021-06-22,70.5600,71.3700,69.6000,70.6900,878545
2021-06-21,69.1100,70.7400,68.8800,70.6900,1227695
2021-06-18,68.6300,69.4900,67.5400,68.1100,3221531
2021-06-17,75.1000,75.1800,70.0100,70.0400,2147272
2021-06-16,72.3900,75.3800,71.3500,74.5300,2690839
2021-06-15,72.4100,73.7200,71.9500,73.0100,1102089
2021-06-14,73.1500,73.7400,71.6150,72.2200,1742827
2021-06-11,74.0000,74.6300,73.4850,73.7900,2294101
2021-06-10,77.1400,77.4100,73.6100,73.7500,1581353
2021-06-09,76.1800,76.8100,75.5100,76.1100,1592047
2021-06-08,76.9100,77.6200,75.7700,77.1700,1589054
2021-06-07,78.2600,78.4600,77.2000,77.6900,1200104
2021-06-04,78.5900,78.5900,76.9500,77.9400,1251094
2021-06-03,78.4600,79.4810,78.1500,78.4100,1726308
2021-06-02,79.4400,79.4400,78.0000,78.4600,1057318
2021-06-01,79.5000,79.8600,78.4800,79.0100,1175189
2021-05-28,78.7700,78.8100,77.6500,78.4900,908951
2021-05-27,78.6300,78.8400,77.7800,78.7100,1120029
2021-05-26,75.8600,77.2300,75.7200,77.1200,918796
2021-05-25,77.5400,78.5000,75.8100,75.8300,1584492
