timestamp,open,high,low,close,volume
2021-10-14,14.1800,14.2200,13.9900,14.2200,261570
2021-10-13,14.1400,14.1400,13.8400,14.0100,222010
2021-10-12,14.1300,14.2500,14.0531,14.1700,211642
2021-10-11,14.4600,14.4700,14.1700,14.1800,201113
2021-10-08,14.3400,14.4100,14.2700,14.3500,212629
2021-10-07,14.2500,14.3700,14.1600,14.3600,254347
2021-10-06,13.9600,14.1500,13.8100,14.1400,380216
2021-10-05,14.1500,14.2500,14.0000,14.1300,421770
2021-10-04,14.0300,14.1500,13.9500,14.0400,341490
2021-10-01,13.7100,14.1300,13.7100,13.9900,515545
2021-09-30,13.9200,13.9200,13.6300,13.6300,388104
2021-09-29,13.6100,13.8800,13.5300,13.8100,335010
2021-09-28,13.8600,13.9700,13.5600,13.6100,467819
2021-09-27,13.4300,13.9400,13.4050,13.7800,464816
2021-09-24,13.0600,13.3800,13.0600,13.2800,374201
2021-09-23,12.8200,13.2700,12.8200,13.0800,449528
2021-09-22,12.6300,12.8700,12.6000,12.6800,476653
2021-09-21,12.6200,12.7100,12.4350,12.4500,544838
2021-09-20,12.6100,12.6500,12.3600,12.5200,785374
2021-09-17,12.6900,12.9800,12.6500,12.9600,1744594
2021-09-16,12.7400,12.7900,12.5550,12.6400,452699
2021-09-15,12.4600,12.6800,12.4600,12.6500,494113
2021-09-14,12.8500,12.8700,12.4100,12.4900,429918
2021-09-13,12.8000,12.8800,12.7050,12.8700,466967
2021-09-10,13.0000,13.1000,12.6700,12.7000,368238
2021-09-09,12.9000,13.1150,12.9000,12.9300,373985
2021-09-08,13.1200,13.2100,12.9100,12.9800,321871
2021-09-07,13.2900,13.4700,13.1900,13.2000,381391
2021-09-03,13.4500,13.5000,13.2400,13.3200,310984
2021-09-02,13.5200,13.6400,13.3800,13.4200,266087
2021-09-01,13.5400,13.5650,13.3590,13.4900,452744
2021-08-31,13.3900,13.6250,13.3600,13.5200,389799
2021-08-30,13.7600,13.7600,13.3500,13.3600,294248
2021-08-27,13.3200,13.7650,13.3200,13.7200,365403
2021-08-26,13.5400,13.5600,13.2600,13.2600,307011
2021-08-25,13.3800,13.6600,13.3600,13.4900,366808
2021-08-24,13.3400,13.4500,13.2900,13.4000,217210
2021-08-23,13.3600,13.4900,13.3100,13.3400,235250
2021-08-20,13.0700,13.3800,13.0200,13.3200,381271
2021-08-19,13.0200,13.2400,12.9700,13.0800,426915
2021-08-18,13.2900,13.5000,13.2100,13.2300,271682
2021-08-17,13.3700,13.5300,13.2200,13.3400,226322
2021-08-16,13.4200,13.5900,13.3000,13.5200,275372
2021-08-13,13.6900,13.7100,13.5350,13.5400,219739
2021-08-12,13.7900,13.8000,13.5900,13.6700,293133
2021-08-11,13.6100,13.7900,13.4200,13.7700,408869
2021-08-10,13.3300,13.5900,13.2600,13.5600,409717
2021-08-09,13.4150,13.5300,13.2800,13.3700,258432
2021-08-06,13.3300,13.5800,13.2000,13.4600,374133
2021-08-05,13.0000,13.1300,12.9100,13.0800,326190
2021-08-04,13.0100,13.2200,12.9600,12.9900,470511
2021-08-03,13.1500,13.3250,12.9500,13.2600,599941
2021-08-02,13.2000,13.4900,13.0100,13.0500,523179
2021-07-30,13.3500,13.5400,13.1300,13.1700,443231
2021-07-29,13.2600,13.5000,13.2600,13.3400,408820
2021-07-28,13.5350,13.5350,12.5900,13.2100,729117
2021-07-27,13.2400,13.4600,13.1400,13.4000,437387
2021-07-26,13.2750,13.5500,13.2750,13.4100,375797
2021-07-23,13.3400,13.4100,13.1800,13.2700,280960
2021-07-22,13.5100,13.5100,13.1100,13.1700,308310
2021-07-21,13.5100,13.7200,13.5100,13.5900,334880
2021-07-20,13.0200,13.7000,13.0100,13.3200,738764
2021-07-19,13.1800,13.3800,12.8900,13.0100,522619
2021-07-16,14.0000,14.0000,13.5000,13.5300,543496
2021-07-15,13.5200,13.9400,13.5200,13.9200,490852
2021-07-14,13.6900,13.9100,13.4800,13.6400,408284
2021-07-13,13.9200,13.9400,13.5900,13.6400,447587
2021-07-12,13.6600,14.0000,13.6100,14.0000,509458
2021-07-09,13.6500,13.8800,13.6050,13.8800,435652
2021-07-08,13.3600,13.5500,13.2200,13.3700,639494
2021-07-07,13.4100,13.8200,13.3600,13.6500,545925
2021-07-06,13.8900,13.9600,13.4950,13.5600,436402
2021-07-02,14.0500,14.1800,13.8900,13.9500,460916
2021-07-01,14.1800,14.2000,13.9900,14.0800,434275
2021-06-30,13.9700,14.1300,13.9700,14.0700,393726
2021-06-29,14.2600,14.3500,14.0100,14.0500,241582
2021-06-28,14.5300,14.5300,14.0400,14.1200,485014
2021-06-25,14.5500,14.6800,14.4300,14.6000,894554
2021-06-24,14.3600,14.5400,14.1800,14.5100,278981
2021-06-23,14.3400,14.4300,14.2300,14.2300,418585
2021-06-22,14.3600,14.3800,14.1200,14.2900,273901
2021-06-21,13.9600,14.4700,13.9000,14.3600,627814
2021-06-18,14.0100,14.1200,13.7500,13.7700,1092487
2021-06-17,15.0500,15.0500,14.2100,14.2400,717439
2021-06-16,14.6800,15.0300,14.4750,14.9300,463415
2021-06-15,14.6400,14.8900,14.5500,14.7400,361361
2021-06-14,14.7300,14.9500,14.4500,14.5800,382046
2021-06-11,14.8300,15.0000,14.6800,14.7000,246795
2021-06-10,15.1400,15.1900,14.7000,14.7000,281338
2021-06-09,15.1300,15.1800,15.0200,15.0500,479593
2021-06-08,15.0200,15.3200,14.9300,15.2700,286438
2021-06-07,15.2100,15.2800,15.0900,15.1700,241048
2021-06-04,15.2100,15.2400,15.0750,15.2100,192973
2021-06-03,15.1700,15.3200,15.0500,15.2800,289216
2021-06-02,15.4100,15.4300,15.1300,15.1700,270707
2021-06-01,15.2500,15.4300,15.1600,15.3600,503327
2021-05-28,15.2500,15.2500,14.9000,15.1500,231878
2021-05-27,15.1700,15.2700,15.0850,15.1800,262570
2021-05-26,14.7900,14.9750,14.6200,14.9600,294943
2021-05-25,15.3300,15.4600,14.7200,14.7300,379285
