timestamp,open,high,low,close,volume
2021-10-14,45.0000,45.0375,44.7100,45.0000,72939
2021-10-13,44.6200,44.6800,43.8300,44.6500,54590
2021-10-12,44.1200,44.7500,43.8400,44.7100,60215
2021-10-11,44.5000,44.7350,44.1800,44.2600,66125
2021-10-08,44.4900,44.8200,44.1400,44.4000,71435
2021-10-07,44.3400,44.6000,43.4944,44.4100,131108
2021-10-06,43.6500,43.9600,43.0600,43.8800,82431
2021-10-05,44.3900,44.5200,43.5950,44.1300,91505
2021-10-04,43.7900,44.3000,43.1300,44.0600,99015
2021-10-01,42.8600,44.1100,42.7000,43.6500,149476
2021-09-30,43.8700,43.8900,42.8100,42.8800,90645
2021-09-29,43.0600,43.7200,42.2200,43.5100,56616
2021-09-28,43.9900,44.0700,42.9000,43.0600,95336
2021-09-27,42.7700,44.2000,42.5400,43.7300,122376
2021-09-24,42.1700,42.9100,41.9300,42.3500,111620
2021-09-23,41.3700,42.6250,41.3700,42.1700,93448
2021-09-22,41.1500,41.5400,40.4600,40.9800,140581
2021-09-21,41.1100,41.4400,40.5800,40.6600,128180
2021-09-20,40.6500,41.5300,40.0000,40.8400,109508
2021-09-17,41.6200,42.0546,41.1300,41.9000,513806
2021-09-16,41.6500,41.7800,41.1400,41.1700,88542
2021-09-15,40.9400,41.8000,40.7200,41.6300,99851
2021-09-14,42.3600,42.3600,40.6400,40.7300,115442
2021-09-13,41.0000,42.0700,40.8500,42.0000,133285
2021-09-10,41.5400,41.5400,40.6000,40.6300,98694
2021-09-09,40.7600,41.7250,40.5500,41.1800,181172
2021-09-08,40.2800,40.6200,39.8700,40.4600,127720
2021-09-07,42.2100,42.2100,40.5500,40.5800,198349
2021-09-03,42.1500,42.3000,41.6700,42.2300,152000
2021-09-02,41.3000,42.0400,40.9850,41.9100,144517
2021-09-01,41.2500,41.5000,40.7700,41.3300,139130
2021-08-31,40.5200,41.2100,40.3300,41.1900,124948
2021-08-30,41.7100,41.7100,40.5300,40.6200,61096
2021-08-27,40.5800,41.7200,40.3400,41.6000,157840
2021-08-26,41.1850,41.1850,40.2500,40.3100,86217
2021-08-25,40.7000,41.3300,40.5050,41.1500,124649
2021-08-24,40.3300,40.7100,40.2300,40.7000,61281
2021-08-23,40.6000,40.6700,40.0600,40.3800,68637
2021-08-20,39.6800,40.6300,39.6300,40.3800,100486
2021-08-19,39.6000,40.0100,39.5000,39.8700,189293
2021-08-18,39.7900,40.6100,39.7000,39.8100,90529
2021-08-17,40.5000,40.5000,39.6600,39.9400,91594
2021-08-16,40.9100,41.1200,40.2200,40.8500,70431
2021-08-13,41.0000,41.1700,40.5900,41.1500,106513
2021-08-12,41.3500,41.3500,40.6100,40.9000,73901
2021-08-11,40.7100,41.2700,40.4200,41.2100,118745
2021-08-10,39.8500,40.8400,39.7500,40.6500,109163
2021-08-09,39.8800,40.3300,39.5000,39.8700,172834
2021-08-06,38.7800,39.9800,38.7800,39.9000,124507
2021-08-05,37.6300,38.3700,37.6300,38.3000,126933
2021-08-04,37.3500,37.8250,37.1900,37.2500,146316
2021-08-03,37.7100,38.1500,37.0600,37.9700,153461
2021-08-02,37.9000,38.6600,37.2200,37.6100,205128
2021-07-30,37.6600,38.4300,37.5150,37.8100,137580
2021-07-29,38.1900,38.3400,37.5000,37.9900,94823
2021-07-28,38.1400,38.1400,37.2200,37.6200,236552
2021-07-27,37.5400,38.2950,36.7400,37.8000,93265
2021-07-26,38.3700,38.7900,37.8300,38.0400,98316
2021-07-23,37.8200,37.9400,37.2700,37.9300,176161
2021-07-22,38.1300,38.1300,37.1800,37.3100,168004
2021-07-21,37.6200,38.6599,37.4400,38.2800,214490
2021-07-20,35.3900,37.7800,34.9865,36.7900,213255
2021-07-19,35.6200,36.7300,35.3900,35.6300,268287
2021-07-16,38.4100,38.4750,36.3800,36.5600,159525
2021-07-15,36.6300,38.3600,36.5000,38.1100,270477
2021-07-14,36.8600,37.2500,36.1000,36.9800,210997
2021-07-13,36.8700,36.9800,36.0900,36.4100,118593
2021-07-12,36.6600,37.1900,36.4000,37.0800,101055
2021-07-09,36.7100,37.1900,36.3400,37.1000,126061
2021-07-08,35.9200,36.3200,35.3075,35.8600,243782
2021-07-07,35.8000,36.6650,35.8000,36.1500,204107
2021-07-06,36.9100,36.9100,35.9300,36.2300,217431
2021-07-02,37.7700,37.7700,37.1000,37.1400,95222
2021-07-01,37.5500,38.1300,37.4300,37.8300,124084
2021-06-30,37.2000,37.6000,37.2000,37.3200,228023
2021-06-29,38.1800,38.1800,37.4400,37.4800,184668
2021-06-28,38.2300,38.3000,37.3400,37.8000,267958
2021-06-25,38.6700,39.1500,38.4100,38.5900,501599
2021-06-24,38.4600,38.8200,38.0000,38.7900,184203
2021-06-23,38.3700,39.1500,38.1900,38.3000,195446
2021-06-22,38.3400,38.7400,37.7800,38.3700,130721
2021-06-21,37.5300,38.7400,37.4800,38.3300,210713
2021-06-18,38.5400,38.7450,36.7900,36.9700,765477
2021-06-17,41.1500,41.1500,38.7900,39.0200,224647
2021-06-16,40.4400,41.0500,40.0900,40.8700,338383
2021-06-15,40.6300,41.0000,40.3300,40.5600,211978
2021-06-14,40.5100,41.0800,40.3200,40.7100,533740
2021-06-11,39.7900,40.4300,39.6400,40.2500,525533
2021-06-10,40.6000,40.7800,39.4200,39.5200,291425
2021-06-09,40.3500,40.6500,39.8800,40.4000,401052
2021-06-08,40.6900,40.8600,40.2900,40.5300,1514697
2021-06-07,41.9100,42.8400,41.6200,42.6300,99919
2021-06-04,41.9100,41.9900,41.3600,41.7500,55410
2021-06-03,41.7300,42.2300,41.5800,42.0400,84845
2021-06-02,42.1300,42.3500,41.8400,41.9900,97202
2021-06-01,42.1000,42.5400,41.8900,42.0700,187158
2021-05-28,42.2300,42.2300,41.3100,41.8500,75344
2021-05-27,42.1800,42.4750,41.8250,41.9800,129274
2021-05-26,40.9600,41.7100,40.9600,41.5500,70588
2021-05-25,42.5400,42.6200,40.8400,40.8700,104738
