timestamp,open,high,low,close,volume
2021-10-14,71.0700,71.2658,69.7200,70.8000,24709427
2021-10-13,70.5500,70.5800,68.7400,70.2600,23457998
2021-10-12,71.5400,71.9374,70.4350,70.6400,17593423
2021-10-11,72.7000,73.7250,71.6100,71.6800,14985510
2021-10-08,71.8500,72.8050,71.5100,72.3500,11960710
2021-10-07,73.0100,73.3500,72.0450,72.1900,15349929
2021-10-06,71.9200,72.6100,71.0150,72.4200,15997217
2021-10-05,71.7600,72.9300,71.3250,72.5300,15587208
2021-10-04,71.0800,72.9800,70.8450,71.2900,18957221
2021-10-01,70.4400,71.6800,70.0900,71.1800,23701927
2021-09-30,71.6300,71.7000,69.9500,70.1800,22094078
2021-09-29,71.6900,71.8150,70.9800,71.5300,13683888
2021-09-28,72.4700,73.2800,71.2400,71.3700,20834995
2021-09-27,71.8450,72.6100,71.7500,72.2600,19857527
2021-09-24,70.7100,71.5850,70.7100,71.1800,15788389
2021-09-23,69.2103,71.3899,69.0000,70.8800,21439181
2021-09-22,67.8850,69.1700,67.7900,68.2400,21160214
2021-09-21,67.6500,67.7400,66.5200,66.9400,21169878
2021-09-20,68.0500,68.1700,65.9650,67.3000,36955380
2021-09-17,69.7700,70.5800,69.6600,69.9600,30775999
2021-09-16,71.0300,71.1800,69.9900,70.0000,19245376
2021-09-15,68.8200,70.8700,68.6214,70.4500,22392131
2021-09-14,70.8400,71.3800,68.5200,68.7800,26568859
2021-09-13,70.1200,70.6600,69.7600,70.5200,16337317
2021-09-10,70.9300,70.9900,69.5150,69.5700,15422830
2021-09-09,69.9700,71.0950,69.9100,70.4600,14212931
2021-09-08,70.8700,71.2150,69.8809,70.0400,14861761
2021-09-07,71.3600,72.2750,70.7100,70.8200,14668211
2021-09-03,71.6200,71.7300,70.6500,71.1700,13684986
2021-09-02,71.3600,71.9700,70.9200,71.5000,13536905
2021-09-01,72.3600,72.3600,71.2100,71.3100,15114789
2021-08-31,71.7500,72.4954,71.3250,71.9100,17285914
2021-08-30,73.0000,73.0100,71.2200,71.6700,12687440
2021-08-27,72.5800,73.3700,72.3000,72.9900,13669376
2021-08-26,73.4700,73.9000,72.2750,72.4400,14135643
2021-08-25,72.8000,73.9000,72.0441,73.1800,17766591
2021-08-24,71.1400,72.1900,71.0300,72.0400,12669318
2021-08-23,70.7600,71.2600,70.5600,70.8900,13079491
2021-08-20,69.7100,70.2950,69.2050,70.2500,14028831
2021-08-19,70.5400,70.7400,69.4330,69.8400,21047255
2021-08-18,71.2000,72.2600,70.8800,71.1200,13970568
2021-08-17,71.3400,72.3600,70.6822,71.6200,14622962
2021-08-16,72.4100,72.4900,70.9900,72.1000,15537154
2021-08-13,74.2000,74.6200,72.9200,73.1100,13352117
2021-08-12,74.3300,74.6400,73.6285,74.1300,14212959
2021-08-11,73.3000,74.3400,72.9300,74.3000,18676149
2021-08-10,71.6200,73.3400,71.3800,72.9800,17920057
2021-08-09,70.9400,71.9955,70.4600,71.5200,15619827
2021-08-06,70.7800,71.5000,70.5800,71.0700,23915372
2021-08-05,68.8300,69.7700,68.7700,69.6900,14361613
2021-08-04,68.1200,69.2500,67.9300,68.5200,14416307
2021-08-03,68.2500,69.0900,66.8900,68.8800,21041505
2021-08-02,67.9500,69.1200,67.6400,67.7300,16616652
2021-07-30,67.9200,68.5200,67.2400,67.6200,18078220
2021-07-29,68.7100,69.5800,68.4100,68.8100,22130074
2021-07-28,68.3200,68.6150,67.4850,68.1000,20275861
2021-07-27,67.0800,68.4000,66.7800,67.9800,17127708
2021-07-26,66.4600,67.8400,66.4600,67.7700,16433984
2021-07-23,67.5000,67.7600,66.5200,66.7100,13443294
2021-07-22,67.7500,67.7900,66.4100,66.9300,16524876
2021-07-21,67.0100,68.2500,66.9300,67.8900,23393214
2021-07-20,65.1800,66.7800,64.7800,66.2900,20577855
2021-07-19,65.4600,66.0700,64.3600,65.0800,33318560
2021-07-16,68.7100,68.7600,66.4150,66.9000,19288972
2021-07-15,67.5400,69.0350,67.4400,68.4500,18897163
2021-07-14,69.9900,70.7800,67.4500,68.1700,36287752
2021-07-13,69.0800,69.4800,68.0150,68.3700,18962441
2021-07-12,67.6700,69.5900,67.3000,69.4400,19600591
2021-07-09,68.1100,68.5200,67.6414,68.4500,18872552
2021-07-08,66.4000,67.1400,65.7500,66.7300,24763636
2021-07-07,67.7100,68.3700,67.2645,67.9300,19342695
2021-07-06,70.1100,70.1900,67.8600,68.2100,24672243
2021-07-02,71.0100,71.1200,70.1100,70.4100,13227347
2021-07-01,71.0800,71.2100,70.4500,71.0100,12584798
2021-06-30,69.6800,70.8100,69.4212,70.7500,18502309
2021-06-29,70.1400,71.6000,69.5750,69.6800,28696913
2021-06-28,71.3200,71.6700,70.4600,71.5100,17660887
2021-06-25,71.4500,71.8500,69.8600,71.5500,26727435
2021-06-24,70.3300,71.6700,69.9500,71.3200,23900402
2021-06-23,69.3550,70.0500,69.0750,69.6500,19672705
2021-06-22,68.9000,69.4100,67.7700,68.9600,21564644
2021-06-21,68.4400,69.0900,67.8800,68.4500,30266626
2021-06-18,68.4800,68.7500,67.1300,67.6100,44582888
2021-06-17,72.5800,72.6100,68.1550,68.8600,48523025
2021-06-16,72.7500,73.0000,70.1500,71.4600,52981793
2021-06-15,75.0500,75.3400,73.2500,73.8200,25191652
2021-06-14,76.6100,76.7700,74.6700,75.1600,18304435
2021-06-11,77.0000,77.1900,76.1000,76.4800,18043544
2021-06-10,79.0400,79.2900,76.8300,76.8900,15277433
2021-06-09,78.6700,78.7800,77.7600,78.1400,13778440
2021-06-08,78.3000,79.4200,77.7100,79.0800,15399063
2021-06-07,79.6200,79.6500,79.0150,79.3100,12670074
2021-06-04,79.6900,79.8700,78.8100,79.4900,13806958
2021-06-03,79.7100,80.2850,79.4220,79.6300,22255785
2021-06-02,80.1000,80.2900,79.3783,79.8600,15285588
2021-06-01,79.4900,80.0900,79.3400,79.7600,15450506
2021-05-28,78.6600,78.9700,77.9100,78.7100,14394377
2021-05-27,78.5200,79.1100,77.9500,78.7600,17466971
2021-05-26,77.2100,77.9031,76.6800,77.5200,15243442
2021-05-25,78.2000,79.2800,77.1900,77.2800,20015794
