timestamp,open,high,low,close,volume
2021-10-14,55.9000,56.6300,55.5000,56.5700,6279796
2021-10-13,55.5000,55.6400,54.4500,55.2900,5423546
2021-10-12,55.5100,56.0600,55.2800,55.5100,4697909
2021-10-11,55.8900,56.6500,55.4800,55.5200,4945320
2021-10-08,54.6700,56.1400,54.6100,55.8400,4712361
2021-10-07,55.1400,55.4200,54.4000,54.5300,5684836
2021-10-06,53.8400,54.7800,53.5400,54.5400,5223705
2021-10-05,53.1900,54.7350,53.0500,54.4200,4891077
2021-10-04,52.7500,53.8900,52.6700,52.8500,5220248
2021-10-01,51.8400,53.3650,51.8300,52.9200,4899708
2021-09-30,52.9700,53.1700,51.8300,51.8400,4400134
2021-09-29,52.8100,52.9800,52.3550,52.6300,2829096
2021-09-28,53.5300,54.2900,52.8000,52.9100,5439040
2021-09-27,52.0400,53.7850,51.9620,53.4000,4790773
2021-09-24,51.3100,52.1400,51.3100,51.5500,2724793
2021-09-23,50.5800,52.0000,50.4700,51.5000,4696268
2021-09-22,49.9900,50.3900,49.7800,49.9300,4190687
2021-09-21,49.8200,49.9900,49.1300,49.3000,4083094
2021-09-20,49.8400,49.9400,48.7400,49.5900,6154522
2021-09-17,51.1800,51.4900,50.4650,51.1500,11539055
2021-09-16,52.4200,52.5600,50.9800,51.3700,6188949
2021-09-15,51.2000,52.1800,51.0500,52.0700,5786906
2021-09-14,52.3300,52.5000,50.8800,51.1400,4407163
2021-09-13,52.2900,52.5950,51.8200,52.2400,4015550
2021-09-10,53.2300,53.2500,51.8550,51.9100,6892473
2021-09-09,52.8600,53.6600,52.8000,52.8800,4140433
2021-09-08,53.0100,53.0900,52.5200,52.9800,4143116
2021-09-07,53.8900,54.0000,53.0000,53.1200,3993123
2021-09-03,54.4100,54.4900,53.7150,53.9300,3049926
2021-09-02,54.5000,54.6700,54.0700,54.3100,3589702
2021-09-01,55.2350,55.5400,54.1900,54.4000,4792216
2021-08-31,55.2900,55.6000,54.8800,55.2200,3964194
2021-08-30,56.6000,56.6400,55.1550,55.1800,2473818
2021-08-27,55.4900,56.5000,55.4000,56.4100,4315736
2021-08-26,55.5600,55.8800,55.4000,55.4800,4310793
2021-08-25,54.7000,55.9700,54.5300,55.5700,4656350
2021-08-24,54.2300,54.8750,54.0400,54.5300,3503082
2021-08-23,53.6300,54.3950,53.6300,54.0600,3598807
2021-08-20,52.7600,53.5150,52.4400,53.3200,4261792
2021-08-19,52.9300,53.3200,52.5400,52.7700,5392065
2021-08-18,53.6000,54.5450,53.2600,53.5300,4584701
2021-08-17,53.8900,54.3300,53.4000,53.8000,4458090
2021-08-16,53.5100,54.3700,53.1700,54.2700,4338376
2021-08-13,54.7200,54.9900,53.7700,53.8700,6779372
2021-08-12,54.7700,55.0200,54.4300,54.8900,3872335
2021-08-11,54.0200,54.8600,53.7900,54.7700,5025996
2021-08-10,53.2200,54.0400,53.1600,53.8300,4596317
2021-08-09,53.0000,53.7200,52.7300,53.3800,4641382
2021-08-06,52.4000,53.5200,52.3500,53.1600,5601737
2021-08-05,51.8100,52.2450,51.5900,51.8000,4796250
2021-08-04,51.6000,52.0650,51.2200,51.4900,4305267
2021-08-03,51.4500,52.3050,50.8100,52.0000,4523147
2021-08-02,51.7300,52.5600,51.2100,51.2800,5429271
2021-07-30,51.0500,51.6800,50.9600,51.3300,4527724
2021-07-29,50.9100,51.7600,50.5800,51.3000,4449331
2021-07-28,50.4100,50.8750,49.9090,50.3500,6609592
2021-07-27,49.6400,50.8400,49.4300,50.1900,6017624
2021-07-26,49.5000,50.4750,49.4700,50.2500,4557221
2021-07-23,50.2100,50.5400,49.6900,49.9700,4411871
2021-07-22,49.9900,50.0600,49.5100,49.8300,4774149
2021-07-21,49.8100,50.4873,49.6000,50.0600,5143167
2021-07-20,47.5800,49.9550,47.3300,49.4400,6411304
2021-07-19,48.3500,48.5600,47.3200,47.5800,7374580
2021-07-16,48.9600,49.5850,48.5100,49.3800,8166338
2021-07-15,48.2900,49.6700,47.5700,48.6800,6848516
2021-07-14,49.8900,50.3900,48.9900,49.2800,4859251
2021-07-13,50.3000,50.4800,49.6450,49.9600,2722342
2021-07-12,49.5600,50.5400,49.2500,50.2800,2990045
2021-07-09,49.3200,50.0900,49.0900,49.9300,3569378
2021-07-08,48.7300,48.9700,48.0300,48.3400,4510857
2021-07-07,49.2100,49.6900,48.9100,49.4800,3009224
2021-07-06,50.9900,51.1000,49.2050,49.4900,6178835
2021-07-02,51.4000,51.5300,50.9900,51.2400,3068014
2021-07-01,51.5600,51.7400,51.1600,51.4300,2867252
2021-06-30,50.7200,51.3750,50.5500,51.2300,5501557
2021-06-29,51.2500,51.6800,50.8700,51.0200,3920475
2021-06-28,50.8000,50.9050,50.1600,50.8600,2792369
2021-06-25,50.4100,51.1400,50.2800,50.9900,4168338
2021-06-24,49.6100,50.4500,49.3800,50.2500,3681967
2021-06-23,49.5700,49.8700,49.3500,49.3700,4596351
2021-06-22,49.6900,49.7400,49.0400,49.4400,3888618
2021-06-21,48.6100,49.7300,48.5100,49.6600,4172292
2021-06-18,48.8700,48.9500,48.0400,48.2200,11517017
2021-06-17,51.8300,51.8500,49.1550,49.4800,7322994
2021-06-16,50.3400,51.9500,49.6400,51.2300,9769124
2021-06-15,49.7900,50.5700,49.6500,50.4500,3687835
2021-06-14,50.1500,50.5100,48.8300,49.6400,5997170
2021-06-11,49.9600,50.4450,49.9000,50.4100,3568978
2021-06-10,51.0400,51.2500,49.8350,49.8700,3189479
2021-06-09,51.0800,51.0800,50.5500,50.6200,2910423
2021-06-08,51.4100,51.6400,50.8500,51.4200,2803304
2021-06-07,52.3300,52.3300,51.7700,51.8200,2285858
2021-06-04,52.1800,52.2500,51.6350,52.2100,2204884
2021-06-03,52.0500,52.4750,51.7300,52.2000,2788668
2021-06-02,52.2300,52.4300,51.7400,52.1200,3302349
2021-06-01,52.8100,52.9000,52.0400,52.3000,3182027
2021-05-28,52.1800,52.2150,51.6500,52.0800,3404430
2021-05-27,52.2100,52.6900,51.8200,52.1000,6573431
2021-05-26,51.4100,51.7100,50.9800,51.5600,3766381
2021-05-25,51.7700,52.2500,51.0000,51.1200,3035229
