timestamp,open,high,low,close,volume
2021-10-14,44.2400,44.5900,43.9600,44.4000,109567
2021-10-13,43.9300,43.9800,42.8092,43.7900,122518
2021-10-12,43.9100,44.2400,43.5800,44.0300,90109
2021-10-11,45.3000,45.3963,43.8600,43.8800,141824
2021-10-08,44.7600,45.2200,44.4100,44.7600,73383
2021-10-07,44.4600,45.1900,44.0300,44.9900,234148
2021-10-06,44.1300,44.3400,43.1900,44.0400,194554
2021-10-05,44.4600,44.8700,43.8100,44.7200,255775
2021-10-04,43.5600,44.4800,43.4700,43.8100,149991
2021-10-01,43.3500,43.7300,42.9800,43.5000,325132
2021-09-30,43.1100,43.8100,42.5400,43.0200,396684
2021-09-29,41.9400,43.1200,41.9000,43.0700,260418
2021-09-28,42.0000,42.3800,41.5919,41.7300,315830
2021-09-27,41.5800,42.4600,41.4750,41.7500,273534
2021-09-24,41.0600,41.6500,40.9200,40.9500,203892
2021-09-23,39.9500,41.8800,39.9500,41.4700,243461
2021-09-22,38.1600,39.8700,38.0650,39.4900,234048
2021-09-21,37.9500,38.2000,37.1200,37.4800,127100
2021-09-20,37.6000,38.1950,36.8800,37.6100,241158
2021-09-17,39.1700,39.3700,38.4400,38.9600,508172
2021-09-16,39.1100,39.7500,38.8800,39.0700,150420
2021-09-15,37.6300,39.0700,37.5200,38.9700,204356
2021-09-14,38.7900,38.9800,37.2200,37.2400,227944
2021-09-13,38.2500,38.6800,37.9800,38.4400,119226
2021-09-10,38.7800,38.9600,37.6700,37.7200,170425
2021-09-09,38.2000,39.2183,38.2000,38.4100,159633
2021-09-08,38.4200,38.9700,38.0900,38.1300,152341
2021-09-07,39.5100,39.8700,38.5700,38.6700,155529
2021-09-03,40.0000,40.0000,39.0800,39.1800,234791
2021-09-02,40.9900,41.0600,40.0300,40.0500,164939
2021-09-01,41.4200,41.8600,40.7000,40.9500,721569
2021-08-31,40.8200,42.2300,40.8200,41.4100,176111
2021-08-30,43.8500,43.8500,40.8000,40.8200,243789
2021-08-27,40.7000,43.7950,40.5400,43.5000,600631
2021-08-26,40.0800,40.2500,39.1500,39.2000,104645
2021-08-25,39.3000,40.7500,39.1900,39.9700,221812
2021-08-24,38.8400,39.4400,38.6501,39.1300,118220
2021-08-23,38.9350,39.1800,38.6100,38.9300,111140
2021-08-20,37.2600,38.6000,37.2600,38.6000,135896
2021-08-19,37.2000,37.7300,36.6601,37.4500,194181
2021-08-18,38.0000,38.8200,37.6900,37.8100,143587
2021-08-17,38.7300,39.2000,37.5700,38.1300,175096
2021-08-16,38.2500,39.3200,37.9300,39.2600,205942
2021-08-13,39.5600,39.6350,38.6400,38.7400,105450
2021-08-12,40.3900,40.5300,39.0900,39.4900,149734
2021-08-11,39.7200,40.3800,38.9400,40.3400,233790
2021-08-10,39.1600,39.5550,38.5100,39.4200,137314
2021-08-09,39.3400,40.2700,39.0200,39.2500,281500
2021-08-06,39.8800,40.3800,39.3500,39.8000,187752
2021-08-05,38.0000,39.2400,37.9600,39.1200,228254
2021-08-04,36.6700,37.9300,36.6700,37.7000,254475
2021-08-03,36.7300,37.6400,35.8600,37.5000,241637
2021-08-02,36.3900,37.7900,36.2000,36.3400,294551
2021-07-30,36.8500,37.3300,36.2000,36.2200,265742
2021-07-29,36.0000,37.8900,36.0000,37.0000,566945
2021-07-28,37.6800,38.8450,37.0300,38.3700,192452
2021-07-27,37.4600,38.1000,37.0500,37.7300,141349
2021-07-26,37.5200,38.5400,37.5200,38.1800,119193
2021-07-23,37.4300,37.7500,36.7500,37.5700,187456
2021-07-22,37.5700,37.8900,36.4686,36.9200,140670
2021-07-21,37.4500,38.5000,37.4500,37.8800,165932
2021-07-20,34.9700,37.5000,34.9700,36.8300,324145
2021-07-19,35.1700,35.8200,34.5500,34.9300,263391
2021-07-16,38.4200,38.4200,36.2800,36.4600,318248
2021-07-15,37.5900,38.4000,37.2900,37.9600,220241
2021-07-14,38.4800,39.3699,37.5900,37.9100,225670
2021-07-13,39.9000,39.9200,38.2800,38.3300,223812
2021-07-12,40.0100,40.2300,39.3000,40.0400,260675
2021-07-09,38.8500,40.2000,38.5600,40.1900,255678
2021-07-08,37.9100,38.9200,37.0800,37.9200,248482
2021-07-07,38.1000,39.2400,38.0400,38.8100,318272
2021-07-06,39.0200,39.2000,37.8162,38.5800,259084
2021-07-02,39.5500,39.8700,38.9100,39.3400,182603
2021-07-01,39.3750,40.0200,39.2150,39.6300,201517
2021-06-30,38.9600,39.8000,38.9200,38.9900,326142
2021-06-29,39.3600,39.9150,39.1000,39.1700,186833
2021-06-28,40.7000,40.7000,38.6600,39.0800,247327
2021-06-25,40.1800,41.1800,39.9300,40.9700,462638
2021-06-24,39.6900,40.2000,39.1550,40.0700,139862
2021-06-23,39.6800,39.9284,39.2300,39.4000,282171
2021-06-22,39.6300,39.6650,38.4000,39.0900,191997
2021-06-21,38.1200,39.7800,38.1042,39.7200,279064
2021-06-18,38.7700,39.1900,37.5500,37.6000,702000
2021-06-17,41.9000,41.9000,39.0700,39.5000,369174
2021-06-16,39.8400,41.3600,39.2436,41.2300,292390
2021-06-15,39.4500,40.4800,39.2300,40.2000,195699
2021-06-14,41.1400,41.3900,39.3700,39.6800,353856
2021-06-11,40.3300,41.3100,40.3300,40.6900,238943
2021-06-10,42.7400,43.1600,40.1800,40.2200,415626
2021-06-09,42.8700,43.2600,42.3200,42.4100,330410
2021-06-08,43.3300,43.6500,41.7713,43.1300,378794
2021-06-07,41.2300,43.8600,41.1500,43.3800,659648
2021-06-04,40.4600,41.3100,39.9900,41.0400,422675
2021-06-03,39.6100,40.4000,39.2704,40.2100,444068
2021-06-02,39.0800,39.7000,38.1500,39.6700,484601
2021-06-01,38.2400,39.1600,38.0000,38.9600,295267
2021-05-28,38.1800,38.2800,37.0700,37.8500,295078
2021-05-27,37.5300,38.0000,37.1000,37.8600,386001
2021-05-26,35.8500,36.9100,35.7600,36.8300,170958
2021-05-25,36.8100,37.1300,35.7600,35.7800,340964
