timestamp,open,high,low,close,volume
2021-10-14,33.5400,33.8900,33.2800,33.8800,242217
2021-10-13,33.4300,33.4300,32.6400,33.2700,280391
2021-10-12,33.4700,33.6000,33.1300,33.3800,263853
2021-10-11,33.8500,34.0600,33.4500,33.4700,310421
2021-10-08,33.5100,33.9000,33.3700,33.6400,332753
2021-10-07,33.4500,33.8380,33.3100,33.6700,339579
2021-10-06,33.2700,33.4500,32.5300,33.1700,254051
2021-10-05,33.5000,33.6900,33.2800,33.4500,238790
2021-10-04,33.3000,33.6800,33.0200,33.3900,199366
2021-10-01,32.7200,33.4600,32.5600,33.2000,376369
2021-09-30,33.5200,33.5200,32.6500,32.6700,350827
2021-09-29,33.1600,33.5500,32.8100,33.3500,478211
2021-09-28,33.7100,33.8300,32.9400,33.0200,416826
2021-09-27,33.1400,33.9650,32.8700,33.5300,650810
2021-09-24,32.8500,33.3300,32.7300,32.7300,578131
2021-09-23,32.4400,33.2700,32.2500,32.9000,361667
2021-09-22,31.9600,32.5800,31.6171,32.1300,292626
2021-09-21,31.9500,32.0400,31.3800,31.6300,290579
2021-09-20,31.2700,31.8600,30.9700,31.8300,507488
2021-09-17,31.8100,32.2400,31.6000,32.0800,1857363
2021-09-16,32.1300,32.2300,31.5900,31.6900,491908
2021-09-15,31.4500,32.0300,31.4300,31.8900,424492
2021-09-14,32.4300,32.5800,31.3400,31.4500,445513
2021-09-13,32.5000,32.5100,31.8850,32.3900,562082
2021-09-10,32.9800,33.0000,32.3000,32.3300,611155
2021-09-09,32.8200,33.1900,32.6300,32.8400,558294
2021-09-08,32.6700,33.0100,32.5500,32.8200,416067
2021-09-07,32.9600,33.5000,32.8550,32.9100,434648
2021-09-03,32.9400,33.0700,32.6400,33.0000,385497
2021-09-02,33.2600,33.4300,32.9000,32.9600,483383
2021-09-01,33.6600,33.6750,33.0000,33.2600,506266
2021-08-31,33.1300,33.5400,32.9600,33.4700,604476
2021-08-30,34.4000,34.4000,33.1700,33.1900,367640
2021-08-27,33.5600,34.4100,33.5500,34.2100,556236
2021-08-26,33.9300,33.9900,33.4000,33.4000,566991
2021-08-25,33.8500,34.2300,33.7500,33.8700,697745
2021-08-24,33.7000,33.8900,33.4200,33.6500,381171
2021-08-23,33.7700,33.9300,33.5700,33.6300,415008
2021-08-20,32.5300,33.4850,32.4100,33.4800,418020
2021-08-19,32.3800,32.6050,32.1300,32.5200,566174
2021-08-18,33.0000,33.5000,32.8600,32.9000,389113
2021-08-17,33.0300,33.5600,32.7100,33.0900,418222
2021-08-16,32.8200,33.3600,32.7600,33.3000,361019
2021-08-13,33.2700,33.4500,33.1500,33.1900,348488
2021-08-12,33.6200,33.6200,33.0250,33.2700,385285
2021-08-11,33.1800,33.6700,33.0300,33.6300,496479
2021-08-10,32.8900,33.6000,32.8500,33.1800,581007
2021-08-09,33.2400,33.5100,32.9100,33.0400,519815
2021-08-06,33.1900,33.6700,32.9250,33.4300,581966
2021-08-05,32.0800,32.8700,31.9200,32.5800,506350
2021-08-04,31.8200,32.3000,31.7000,31.8300,374967
2021-08-03,31.8900,32.4000,31.5000,32.2900,561662
2021-08-02,31.7700,32.8400,31.7700,31.8400,483636
2021-07-30,32.0300,32.5000,31.6300,31.6800,461122
2021-07-29,32.0500,32.4100,31.7500,32.0600,321290
2021-07-28,31.9900,32.2200,31.1801,31.8500,313216
2021-07-27,31.4600,31.9000,31.2100,31.7400,409737
2021-07-26,31.2500,32.4800,31.1200,31.9100,434418
2021-07-23,32.5300,32.9850,31.1700,31.8900,585799
2021-07-22,33.2200,33.4550,32.0100,32.3300,438369
2021-07-21,33.5800,33.9800,33.3500,33.5400,535754
2021-07-20,32.6600,33.9950,32.6500,33.3100,667279
2021-07-19,32.8500,32.9900,32.1375,32.6000,602070
2021-07-16,34.9500,34.9500,33.4500,33.5400,397003
2021-07-15,33.5000,34.7400,33.5000,34.6300,579111
2021-07-14,34.2600,34.7000,33.3700,33.8000,506875
2021-07-13,35.4000,35.5200,34.0450,34.0900,407871
2021-07-12,35.4900,35.9800,35.1500,35.8000,440385
2021-07-09,35.3300,36.0300,35.2150,35.9200,347570
2021-07-08,34.5600,35.1200,34.1100,34.6500,470920
2021-07-07,35.0100,35.6200,34.7400,35.3000,392515
2021-07-06,35.9200,36.3000,34.8278,35.3100,511185
2021-07-02,36.5500,36.5500,35.9210,36.1800,322542
2021-07-01,36.7000,36.8700,36.2500,36.6300,427859
2021-06-30,36.2500,36.8600,36.2000,36.4000,409816
2021-06-29,36.9600,37.3800,36.2550,36.3700,283681
2021-06-28,37.1800,37.2650,36.2650,36.7000,455424
2021-06-25,37.4600,38.0900,37.2500,37.3100,1309419
2021-06-24,36.9200,37.3500,36.5800,37.2500,367106
2021-06-23,36.6600,37.1200,36.3500,36.7600,330242
2021-06-22,36.7300,37.0900,36.0000,36.5900,378021
2021-06-21,35.6400,37.0350,35.4800,36.8300,511404
2021-06-18,36.7600,36.8700,35.4100,35.4100,1748373
2021-06-17,38.8800,39.1400,37.0400,37.1300,536116
2021-06-16,37.4400,38.8200,37.1300,38.6600,617646
2021-06-15,36.7100,37.9000,36.6546,37.5800,616876
2021-06-14,37.3400,37.5000,36.1700,36.7100,659769
2021-06-11,37.2500,37.6500,36.8800,37.0900,539113
2021-06-10,38.7400,38.7400,37.2000,37.2500,461283
2021-06-09,38.6300,38.7400,38.1300,38.4300,390594
2021-06-08,38.4100,39.1000,38.0100,38.8200,443881
2021-06-07,37.9300,38.6700,37.6200,38.5100,468656
2021-06-04,37.5400,37.8100,37.2400,37.7000,279270
2021-06-03,37.2400,37.6500,36.8900,37.5400,423082
2021-06-02,38.0000,38.0000,37.1700,37.2400,385259
2021-06-01,37.4600,37.9000,37.2100,37.8100,483766
2021-05-28,37.2100,37.6096,36.8200,37.1500,291256
2021-05-27,37.0000,37.5500,36.8580,37.2000,587957
2021-05-26,35.4700,36.7200,35.4700,36.6300,476528
2021-05-25,35.9800,36.6500,35.4300,35.5400,473018
