timestamp,open,high,low,close,volume
2021-10-14,160.9600,166.3900,158.0000,160.1000,791988
2021-10-13,158.3400,159.2100,151.1200,156.9500,733451
2021-10-12,159.0000,164.7450,153.5000,159.3100,1009972
2021-10-11,163.7900,174.9900,159.5500,159.9900,1268955
2021-10-08,155.1000,167.7700,154.0000,162.6400,1348769
2021-10-07,160.2200,168.6000,148.3700,151.7200,1856126
2021-10-06,155.5200,167.5000,144.0000,162.7100,2536473
2021-10-05,138.3600,154.6000,137.7600,153.0000,2394943
2021-10-04,128.2000,141.9599,121.0600,135.9000,1813624
2021-10-01,118.6400,128.3100,116.8700,128.0500,1201223
2021-09-30,117.2400,118.4500,112.4301,115.5000,678409
2021-09-29,111.0000,117.7000,110.4000,115.5700,809379
2021-09-28,110.4600,110.5700,105.0200,109.5500,617320
2021-09-27,106.3300,111.4700,105.2500,110.5700,829366
2021-09-24,102.0000,104.3900,100.6216,103.7300,514423
2021-09-23,103.3000,105.7700,100.6101,105.0700,659462
2021-09-22,102.0100,104.2000,99.7800,102.0200,593470
2021-09-21,103.6300,105.1200,100.9000,101.7100,438607
2021-09-20,106.4000,107.4700,100.6600,101.9800,735147
2021-09-17,112.3900,113.3500,109.6294,111.4900,1046890
2021-09-16,108.2400,112.9400,108.2400,111.5300,340147
2021-09-15,105.3300,110.0000,104.8078,108.5500,477513
2021-09-14,110.6000,111.7500,103.9000,104.5200,416227
2021-09-13,112.0000,112.3600,106.5000,109.1700,474525
2021-09-10,117.0700,118.2000,110.9000,111.0300,453334
2021-09-09,112.0000,117.7400,112.0000,116.3400,420022
2021-09-08,116.8700,116.9800,109.6100,111.4000,539214
2021-09-07,121.0200,126.6200,117.4200,118.6200,970697
2021-09-03,119.6500,123.8500,117.4550,120.6500,659973
2021-09-02,118.0100,119.1200,115.3100,118.8400,381328
2021-09-01,113.4500,118.0400,112.2000,115.1000,460587
2021-08-31,111.5600,114.4850,110.5400,112.9800,452252
2021-08-30,113.2600,114.1900,108.2500,110.6300,496323
2021-08-27,109.3000,116.2300,109.1100,114.2500,605570
2021-08-26,110.3100,114.2750,107.8200,109.1000,434042
2021-08-25,109.0000,114.8500,107.4501,111.4800,619218
2021-08-24,107.9000,111.6500,107.1200,109.5800,589289
2021-08-23,104.7500,109.2000,103.1300,108.0900,670285
2021-08-20,94.8000,102.2229,94.0800,100.7500,644488
2021-08-19,96.5200,98.2999,93.9000,94.6200,663060
2021-08-18,98.0000,102.5000,95.9638,97.1300,548016
2021-08-17,106.2500,106.2500,95.1700,97.6200,1154213
2021-08-16,111.4000,112.5000,105.6300,109.5300,477566
2021-08-13,115.0800,123.5000,110.6100,111.7000,830360
2021-08-12,115.0200,116.7600,111.9300,113.9000,375622
2021-08-11,117.8800,117.8800,113.1000,117.3500,441151
2021-08-10,120.2000,120.8000,113.0000,115.2800,636611
2021-08-09,116.3400,121.6200,115.4800,117.2100,833997
2021-08-06,111.0000,117.2500,110.0750,115.7700,909487
2021-08-05,101.7200,110.0799,101.0000,109.3600,579423
2021-08-04,102.1100,105.8300,101.0500,103.0600,372056
2021-08-03,102.4700,102.4700,96.2500,100.5300,372734
2021-08-02,103.1400,107.8300,101.6100,101.7600,553625
2021-07-30,106.0000,108.6200,102.5001,102.8000,490560
2021-07-29,109.7900,111.6700,106.3100,106.5200,252455
2021-07-28,108.0800,110.5000,104.0425,108.8100,371701
2021-07-27,110.0500,110.0500,102.0300,105.2100,515610
2021-07-26,109.8700,114.4932,109.2000,112.2200,709438
2021-07-23,106.3400,106.5500,101.5000,105.0400,378282
2021-07-22,108.0800,109.8900,103.9250,105.3200,563044
2021-07-21,101.6500,109.1050,101.0100,107.8700,874519
2021-07-20,89.8800,100.3500,88.5500,98.7500,1314394
2021-07-19,84.3900,87.2576,83.0600,86.3600,720767
2021-07-16,92.6300,92.6300,86.9500,87.6000,541592
2021-07-15,93.4900,96.7400,88.7038,91.8200,629770
2021-07-14,99.0500,100.4900,93.3600,93.8800,512213
2021-07-13,102.7800,102.8500,98.1700,98.2600,432280
2021-07-12,106.4000,106.4000,102.5000,102.9700,347111
2021-07-09,101.0200,106.8300,100.0010,106.7200,335567
2021-07-08,102.0400,103.0100,97.9500,100.7700,614267
2021-07-07,107.4000,109.8000,104.0000,105.1800,547878
2021-07-06,107.1800,107.8000,104.0000,107.1700,285678
2021-07-02,110.0000,110.4765,106.4550,107.7100,252377
2021-07-01,113.6500,114.7300,107.0710,109.5100,555204
2021-06-30,111.8800,114.9500,109.0101,113.3200,736307
2021-06-29,109.8100,113.9200,109.2709,112.1100,762417
2021-06-28,103.5001,109.2300,102.5761,108.2900,687994
2021-06-25,105.0000,105.5400,102.0400,102.3300,1622906
2021-06-24,101.3200,107.4700,101.0650,106.8400,964166
2021-06-23,98.2600,100.9700,96.3700,99.7000,623777
2021-06-22,94.7600,97.1800,89.6400,96.7400,899746
2021-06-21,93.3800,98.9700,92.5100,97.9000,824028
2021-06-18,99.8200,100.8500,93.7900,94.8200,1080542
2021-06-17,102.2700,103.5000,99.5500,100.3300,603158
2021-06-16,100.8600,103.4150,96.9800,101.8200,860328
2021-06-15,99.5500,105.3800,98.2400,103.1500,949448
2021-06-14,99.4700,104.7600,97.9600,98.9500,1099945
2021-06-11,101.4000,103.3500,96.1300,96.3600,1084873
2021-06-10,107.2500,108.2500,100.5000,101.1800,762859
2021-06-09,104.9800,109.7900,102.6100,106.2100,1017355
2021-06-08,113.2100,114.7500,101.2827,103.4500,1530439
2021-06-07,113.4900,116.2700,112.4200,115.4400,516821
2021-06-04,111.4600,113.8100,109.6000,113.2900,436754
2021-06-03,114.1000,115.4700,109.0000,111.5600,567138
2021-06-02,117.9600,117.9600,110.6500,114.1200,812524
2021-06-01,112.0100,118.6700,111.9100,115.6900,1338684
2021-05-28,118.1100,118.7200,111.0000,111.4000,697429
2021-05-27,114.0000,118.2200,110.6800,118.0200,1023836
2021-05-26,108.9300,116.0000,107.7500,112.7600,814949
2021-05-25,107.1300,111.6872,106.0100,107.0400,991857
