timestamp,open,high,low,close,volume
2021-10-14,60.0000,60.3300,58.6000,60.0800,8392944
2021-10-13,61.4800,61.6400,60.1900,61.4600,5001856
2021-10-12,61.6900,62.1350,61.1819,61.6600,4108266
2021-10-11,62.7800,63.0000,61.8300,61.8500,3713463
2021-10-08,61.9300,62.6150,61.6500,62.3300,4554686
2021-10-07,62.0100,62.5300,61.6050,61.8800,5104884
2021-10-06,60.9400,61.5000,60.1800,61.4500,5037272
2021-10-05,60.9300,61.6800,60.4900,61.2900,5365327
2021-10-04,60.5600,61.6100,60.3600,60.5300,5305346
2021-10-01,59.7500,61.1200,59.6000,60.7600,6334029
2021-09-30,60.6200,60.6550,59.3800,59.4400,5652885
2021-09-29,60.0000,60.6550,59.6300,60.2600,4934657
2021-09-28,61.3100,61.6550,60.3100,60.4200,7223130
2021-09-27,60.4800,61.3300,60.4400,61.1000,5388381
2021-09-24,59.4000,60.3200,59.2700,59.7900,4770747
2021-09-23,58.5900,59.6300,58.4900,59.2900,8216827
2021-09-22,57.8800,58.9200,57.7300,57.9200,8715688
2021-09-21,56.1200,57.4550,55.8800,57.1000,10332343
2021-09-20,55.4400,55.7800,54.5850,55.6800,8945153
2021-09-17,56.8700,57.5000,56.8600,57.0100,10014326
2021-09-16,58.0000,58.3400,56.8200,57.1000,6056121
2021-09-15,56.2300,57.9700,56.1400,57.8000,7194322
2021-09-14,56.7500,56.9600,55.4550,55.9100,5432195
2021-09-13,55.9400,56.5600,55.8300,56.5400,5448403
2021-09-10,56.1850,56.3600,55.4150,55.4500,3856342
2021-09-09,55.3100,56.4600,55.1900,55.8200,4810236
2021-09-08,55.6300,55.8800,55.1100,55.3400,3501732
2021-09-07,56.2800,56.9450,55.7300,55.8300,4880073
2021-09-03,56.4900,56.5499,55.8100,56.1500,3921849
2021-09-02,56.2500,56.7600,56.0250,56.4400,5307738
2021-09-01,57.6100,57.6100,56.1050,56.1700,6533596
2021-08-31,57.2200,57.8304,56.9000,57.3900,6869000
2021-08-30,58.2200,58.4300,56.9550,57.0800,4848573
2021-08-27,57.4300,58.3700,57.2600,58.3000,4432428
2021-08-26,57.8700,57.9700,57.1400,57.2400,3340666
2021-08-25,57.0800,58.1600,56.8800,57.6400,3983498
2021-08-24,56.3200,56.9100,56.1400,56.8100,3210394
2021-08-23,55.9600,56.4772,55.9300,56.1700,3674907
2021-08-20,55.2000,55.7750,55.0000,55.6800,3650926
2021-08-19,55.5000,55.9900,54.8200,55.3400,5568789
2021-08-18,56.4200,57.0400,56.0000,56.0500,4656756
2021-08-17,57.0900,57.5200,56.1200,56.7600,3474533
2021-08-16,57.7900,57.9400,56.9600,57.5700,3219822
2021-08-13,59.0200,59.1700,58.0750,58.2200,3563733
2021-08-12,58.7300,59.0000,58.2650,58.8500,3758222
2021-08-11,57.9000,58.8250,57.4500,58.7900,5462177
2021-08-10,56.8900,57.8800,56.8400,57.6700,3759875
2021-08-09,56.9000,57.5450,56.4100,57.0400,3672342
2021-08-06,56.5600,57.4950,56.3700,57.0000,4756158
2021-08-05,55.5400,55.9600,55.3600,55.8100,3774521
2021-08-04,55.3400,55.7400,54.8800,55.0600,4101442
2021-08-03,55.5300,56.0200,54.3496,55.8900,5102652
2021-08-02,55.8700,56.8200,55.1100,55.1300,4741273
2021-07-30,56.0900,56.5600,55.1250,55.5400,6478369
2021-07-29,56.5600,56.7900,55.8200,56.4400,7565073
2021-07-28,56.5000,56.6150,55.4700,56.0400,4063829
2021-07-27,55.5000,56.3600,55.1000,56.1500,4332411
2021-07-26,55.6900,56.4100,55.5200,56.1800,3721656
2021-07-23,56.3000,56.7100,55.5475,55.7200,3570865
2021-07-22,57.1900,57.2400,55.6400,55.8100,4042968
2021-07-21,56.5700,57.5100,56.4900,57.2000,5544804
2021-07-20,54.6000,56.7900,54.3100,56.0900,6271130
2021-07-19,55.8600,56.3300,54.2000,54.5100,8561041
2021-07-16,58.9500,59.0200,57.0500,57.1700,5779518
2021-07-15,56.6300,59.7300,56.3700,58.8200,10314836
2021-07-14,57.0000,57.4250,56.2300,56.9900,6398054
2021-07-13,57.4000,57.5900,56.5400,56.9200,4387590
2021-07-12,56.4600,57.7500,56.0000,57.5800,5403136
2021-07-09,56.0800,57.0400,55.8500,56.9700,4437313
2021-07-08,55.1200,55.6400,54.6700,55.0400,5977663
2021-07-07,55.6700,56.4800,55.4600,55.9900,5125926
2021-07-06,57.1000,57.3300,55.6250,56.0100,5008737
2021-07-02,57.6100,57.7400,57.1800,57.5700,3520860
2021-07-01,57.3500,57.5950,56.9950,57.5800,3660627
2021-06-30,56.6300,57.2150,56.4800,56.9700,4664149
2021-06-29,57.1800,57.7900,56.4500,56.6600,6974234
2021-06-28,57.6600,57.7700,56.9600,57.5400,5143351
2021-06-25,57.3300,57.9700,56.8150,57.8500,4931080
2021-06-24,56.2900,57.1400,56.0073,56.8800,5762088
2021-06-23,56.0200,56.5200,55.7700,56.1400,5656228
2021-06-22,56.2400,56.2500,55.3500,55.9400,4183308
2021-06-21,55.0600,56.1200,55.0600,55.9800,5680752
2021-06-18,54.7700,55.2300,54.0600,54.7400,19017377
2021-06-17,58.8900,58.9600,55.5250,55.7200,8333067
2021-06-16,58.0900,58.9100,57.3400,58.4400,8543151
2021-06-15,58.1300,58.7900,57.9350,58.5100,5807947
2021-06-14,58.9600,59.1200,57.7650,58.1600,5035386
2021-06-11,58.7800,59.2250,58.5800,59.1400,5659339
2021-06-10,60.1200,60.2300,58.6000,58.6100,4873996
2021-06-09,59.7900,59.8600,59.2000,59.2500,6549801
2021-06-08,60.2100,60.5800,59.4900,60.2900,5617496
2021-06-07,60.9300,60.9500,60.4300,60.5400,4520809
2021-06-04,60.6900,60.7800,60.1200,60.7700,4581599
2021-06-03,60.4900,61.2750,60.3000,60.6400,4631461
2021-06-02,60.9900,61.3100,60.4600,60.6700,5573448
2021-06-01,61.5100,61.7600,60.7350,60.9900,4967013
2021-05-28,60.7700,60.9600,60.2400,60.7800,6126975
2021-05-27,60.5100,61.2500,60.2700,60.7400,12452989
2021-05-26,59.7500,59.8450,58.9000,59.7300,7436145
2021-05-25,60.5300,61.0950,59.5550,59.6500,5028534
