timestamp,open,high,low,close,volume
2021-10-14,60.6000,60.6400,59.6600,60.6400,4491793
2021-10-13,59.9800,60.2000,58.4600,59.9200,4692669
2021-10-12,60.0000,60.4900,59.7000,60.2300,2622525
2021-10-11,61.2600,61.4000,60.2050,60.2300,2844478
2021-10-08,60.6100,61.1400,60.1800,60.8300,2678431
2021-10-07,60.6500,61.0400,60.2550,60.5200,3370848
2021-10-06,59.9200,60.1900,58.7700,60.1300,3994011
2021-10-05,59.6900,60.7550,59.6900,60.2800,3988927
2021-10-04,60.2500,61.1600,59.8330,60.0500,4096277
2021-10-01,59.1000,60.6600,58.5900,60.2200,5105978
2021-09-30,59.8300,60.0650,58.6100,58.6500,6660920
2021-09-29,59.4400,59.7000,58.9700,59.4200,3821096
2021-09-28,60.3300,60.7400,58.9850,59.1900,6925412
2021-09-27,58.8000,60.5250,58.6800,60.1500,5994477
2021-09-24,57.2900,58.3250,57.0300,58.0000,5608382
2021-09-23,55.3800,57.3400,55.3700,57.0900,6262407
2021-09-22,54.5200,55.2800,54.3500,54.7400,4933910
2021-09-21,54.0000,54.2400,53.4200,53.6700,4029263
2021-09-20,53.8700,54.2400,52.6300,53.6800,9463442
2021-09-17,55.1500,56.0800,55.1100,55.3300,19623651
2021-09-16,55.9500,56.2700,55.1700,55.2800,5272069
2021-09-15,54.6500,55.8600,54.6500,55.5800,4920274
2021-09-14,56.2200,56.5100,54.3450,54.6300,6008649
2021-09-13,55.6300,56.3500,55.5020,56.2300,4310311
2021-09-10,56.1800,56.1900,55.1300,55.2000,3196841
2021-09-09,55.5900,56.5700,55.3600,55.7300,3379104
2021-09-08,55.8300,56.1900,55.3100,55.6400,2824387
2021-09-07,56.5500,57.1600,55.9600,56.0200,4190346
2021-09-03,56.6400,56.8300,56.1200,56.4500,2580696
2021-09-02,56.2400,56.9300,56.1200,56.6000,3529061
2021-09-01,57.4000,57.4000,55.9600,56.2200,5519923
2021-08-31,56.9700,57.3300,56.4300,57.0600,5612935
2021-08-30,58.0000,58.1000,56.7100,56.7900,3196520
2021-08-27,57.1500,58.1000,57.0250,57.9700,3758377
2021-08-26,57.6200,57.8900,56.9050,56.9800,3041260
2021-08-25,57.0000,58.0650,56.7000,57.5600,2691030
2021-08-24,56.0700,56.8200,56.0500,56.7100,2409231
2021-08-23,56.0000,56.3650,55.9100,56.0800,2687327
2021-08-20,54.8900,55.6000,54.6200,55.5800,3354906
2021-08-19,54.7500,55.5800,54.4600,55.0400,4371821
2021-08-18,55.8800,56.6600,55.4950,55.5600,3134548
2021-08-17,56.5000,56.9150,55.4800,56.1900,3553354
2021-08-16,57.0000,57.0950,56.0650,57.0700,3415783
2021-08-13,58.6400,58.8600,57.2800,57.3800,4771305
2021-08-12,58.3600,58.8200,57.9400,58.5100,4436265
2021-08-11,57.9500,58.9400,57.3100,58.8600,6605742
2021-08-10,56.5300,57.9800,56.4050,57.9600,5999754
2021-08-09,56.4100,57.1950,55.8400,56.7200,3892389
2021-08-06,56.3600,57.1400,56.0700,56.6000,4179497
2021-08-05,55.1700,55.6000,55.0000,55.5500,3526336
2021-08-04,54.5500,55.4250,54.3000,54.5900,4029000
2021-08-03,54.5000,55.4900,53.2500,55.3100,4018273
2021-08-02,54.7300,55.9700,54.1100,54.1400,4496754
2021-07-30,55.0900,55.8500,54.3150,54.4300,5808430
2021-07-29,55.5500,55.8300,54.8300,55.3200,3245752
2021-07-28,55.5600,55.6200,54.2350,55.0800,4884300
2021-07-27,54.2000,55.3300,53.8800,54.9500,5234691
2021-07-26,54.6100,55.1800,54.5100,54.9000,3488821
2021-07-23,54.9100,55.2400,54.1600,54.4600,3186439
2021-07-22,55.0200,55.1400,54.0650,54.3300,3307694
2021-07-21,54.6600,55.7250,54.5000,55.2800,4352609
2021-07-20,52.1000,54.9300,51.9300,54.0700,6274912
2021-07-19,53.4900,53.7900,51.8700,52.1800,7131918
2021-07-16,56.2000,56.2400,54.2200,54.3900,5342949
2021-07-15,54.0000,56.2398,53.7700,55.8600,6293640
2021-07-14,54.7300,55.4580,53.7750,54.4300,6275832
2021-07-13,55.3400,55.5700,54.5200,54.7100,4636828
2021-07-12,54.3500,55.7300,53.9900,55.6000,4026654
2021-07-09,54.2200,55.2800,53.7200,55.2100,5192864
2021-07-08,53.0300,53.5700,52.2500,52.9800,6131646
2021-07-07,53.4500,54.3700,53.4386,53.6800,4521149
2021-07-06,55.5900,55.7600,54.3300,54.4200,4914162
2021-07-02,56.1300,56.2000,55.6100,56.0300,3093167
2021-07-01,55.8300,56.3300,55.5700,56.3000,4138778
2021-06-30,55.0000,55.8700,55.0000,55.5000,4720038
2021-06-29,55.7600,56.2900,55.0200,55.3000,4638916
2021-06-28,55.8100,55.9700,54.9400,55.2100,5718738
2021-06-25,55.6500,56.3154,55.3700,56.1300,4074728
2021-06-24,54.8100,55.6000,54.4300,55.3200,4773419
2021-06-23,54.5900,54.9600,54.3400,54.6300,3702927
2021-06-22,54.5800,54.8300,53.8500,54.3600,4839680
2021-06-21,53.3500,54.5450,53.2100,54.5000,5459984
2021-06-18,53.2200,53.6300,52.6100,52.8100,13044606
2021-06-17,58.2200,58.2200,54.2799,54.3300,8196835
2021-06-16,56.7600,58.3200,56.1700,57.8000,6410202
2021-06-15,56.9800,57.5400,56.3650,57.2100,5578284
2021-06-14,57.8500,58.0400,56.3200,56.6900,7444253
2021-06-11,57.9500,58.3800,57.7500,57.9900,4164846
2021-06-10,59.1600,59.3400,57.7900,57.8300,6417470
2021-06-09,59.3500,59.3600,58.4100,58.4500,5201714
2021-06-08,59.6100,60.1450,59.0900,59.8300,5060504
2021-06-07,60.3800,60.5100,59.6550,60.0600,6097245
2021-06-04,60.7200,60.7600,59.6100,60.1900,7870997
2021-06-03,60.9000,61.6100,60.4700,60.8000,6215191
2021-06-02,61.6400,61.7800,60.7600,60.7800,5667241
2021-06-01,62.2000,62.5900,61.4400,61.5000,6068742
2021-05-28,61.8300,62.0300,60.8250,61.7800,6162088
2021-05-27,61.5400,62.3400,61.1300,62.1400,14972136
2021-05-26,60.6500,60.9800,59.8700,60.6200,4775656
2021-05-25,61.3800,61.9750,59.9950,60.0600,4050318
