timestamp,open,high,low,close,volume
2021-10-14,26.7900,27.1000,26.5350,27.0100,143281
2021-10-13,26.9500,26.9500,26.1000,26.4300,148961
2021-10-12,26.6250,27.0000,26.4000,26.8800,114308
2021-10-11,27.2900,27.3300,26.6100,26.6200,157271
2021-10-08,27.1000,27.4500,27.0600,27.2200,93845
2021-10-07,27.2900,27.3900,26.8100,27.2700,161428
2021-10-06,26.9200,27.1200,26.3300,27.0800,145683
2021-10-05,27.0500,27.3250,26.7250,27.2000,260113
2021-10-04,27.1500,27.3400,26.7600,26.8800,168839
2021-10-01,27.1700,27.4600,26.6700,27.0800,296193
2021-09-30,27.5000,27.5000,26.8600,26.9800,243124
2021-09-29,27.2500,27.4200,26.8200,27.3200,195475
2021-09-28,27.4000,27.6200,27.1100,27.2400,349649
2021-09-27,26.8200,27.5900,26.5900,27.3800,283336
2021-09-24,25.7600,26.4600,25.7450,26.3300,266691
2021-09-23,25.1600,25.9500,25.0750,25.7800,381020
2021-09-22,24.7800,25.1700,24.7400,24.8000,308030
2021-09-21,24.3300,24.6200,23.8300,24.3800,377509
2021-09-20,23.9200,24.2800,23.1500,24.2000,529740
2021-09-17,24.2100,24.7100,23.9400,24.7100,1846043
2021-09-16,24.6000,24.6500,23.9100,24.0100,324779
2021-09-15,23.9400,24.4400,23.9400,24.3400,337015
2021-09-14,24.6600,24.7200,23.8600,23.9700,233794
2021-09-13,24.3600,24.9900,24.3250,24.6400,285239
2021-09-10,24.6100,24.9100,24.1400,24.1800,282317
2021-09-09,24.6400,24.8300,24.2600,24.4600,265996
2021-09-08,25.4100,25.5900,24.7300,24.7600,309833
2021-09-07,25.3900,26.1000,25.3900,25.6100,425228
2021-09-03,25.2000,25.3800,24.8800,25.2500,311941
2021-09-02,25.3600,25.5900,25.2200,25.2200,275436
2021-09-01,25.5500,25.5500,24.8600,25.3000,221864
2021-08-31,25.4100,25.8850,25.3300,25.6300,297051
2021-08-30,25.7000,25.7000,24.9100,24.9100,255490
2021-08-27,25.0000,25.6200,24.9600,25.5200,341802
2021-08-26,25.5100,25.6000,24.7110,24.8600,334132
2021-08-25,25.9900,26.1600,25.6500,25.6500,343455
2021-08-24,26.1300,26.2800,25.9200,26.0500,152815
2021-08-23,25.9800,26.2100,25.7500,26.1200,203590
2021-08-20,25.1900,25.7500,25.0600,25.7500,211431
2021-08-19,25.2800,25.5850,24.8900,25.2100,268452
2021-08-18,25.9500,26.3000,25.6400,25.6500,188674
2021-08-17,26.2300,26.4700,25.7400,26.0400,229087
2021-08-16,26.4300,26.6200,25.7700,26.4700,328302
2021-08-13,27.3900,27.4000,26.7800,26.8700,201322
2021-08-12,28.3900,28.4000,27.4600,27.5000,318791
2021-08-11,27.3600,28.1100,26.7600,28.0900,331821
2021-08-10,28.0800,28.6200,27.9200,28.5900,268576
2021-08-09,28.4400,28.7300,28.1100,28.2100,183932
2021-08-06,28.0300,28.9700,28.0200,28.6200,247298
2021-08-05,27.5400,28.0000,27.3200,27.6100,260012
2021-08-04,27.4200,28.0200,27.3300,27.4900,203354
2021-08-03,27.2300,28.0300,26.6700,27.8900,288712
2021-08-02,27.3000,28.0400,27.0300,27.1200,311417
2021-07-30,27.2400,27.6000,26.9000,27.0400,549821
2021-07-29,27.5100,27.6700,27.1500,27.2200,398169
2021-07-28,27.3400,27.4700,26.8800,27.1700,337185
2021-07-27,27.1200,27.2800,26.8750,27.1400,351533
2021-07-26,27.4600,27.9500,27.3500,27.5300,343134
2021-07-23,27.3400,27.7100,27.0050,27.3100,296724
2021-07-22,28.5000,28.5000,26.9800,27.0900,323385
2021-07-21,26.9900,28.3100,26.8100,28.3100,472802
2021-07-20,26.1800,27.6900,26.1300,27.0000,440475
2021-07-19,26.0600,26.5300,25.5750,26.2800,541490
2021-07-16,27.9200,27.9600,26.7400,26.7900,232769
2021-07-15,27.1400,28.1000,27.1400,27.6100,409260
2021-07-14,27.2200,27.6400,26.9800,27.3400,268645
2021-07-13,27.6400,27.7150,27.1000,27.3000,641000
2021-07-12,27.1800,27.7200,26.9300,27.6000,938315
2021-07-09,27.8400,28.1200,27.2200,27.4500,636033
2021-07-08,27.0000,27.4800,26.7900,27.2100,807253
2021-07-07,27.3900,28.3200,27.3900,27.5600,680280
2021-07-06,27.7400,27.9700,27.3700,27.7600,664486
2021-07-02,27.7200,28.0800,27.3550,27.8900,333269
2021-07-01,27.6000,27.8000,27.4800,27.8000,293940
2021-06-30,27.1000,27.6300,27.1000,27.4100,355572
2021-06-29,27.5200,27.7900,27.2000,27.2800,378025
2021-06-28,27.8100,27.9000,26.8500,27.1600,441006
2021-06-25,28.4700,28.7900,27.8000,27.8800,867810
2021-06-24,28.3100,28.3700,27.9400,28.3100,253572
2021-06-23,28.1500,28.5000,28.0000,28.0300,252574
2021-06-22,27.8500,28.1000,27.5000,27.9200,257670
2021-06-21,27.2100,28.4100,27.2100,27.9200,461224
2021-06-18,27.0300,27.4900,26.6450,27.0000,752293
2021-06-17,28.8800,28.8800,27.4600,27.5500,289396
2021-06-16,27.7600,28.7900,27.3900,28.6400,314452
2021-06-15,27.3400,28.0900,27.3400,27.9500,222533
2021-06-14,27.9000,28.2100,27.2000,27.3100,315889
2021-06-11,27.6800,28.0300,27.6000,27.8700,217856
2021-06-10,28.3800,28.4800,27.4700,27.5400,277563
2021-06-09,28.3300,28.4700,27.9900,28.0000,349433
2021-06-08,28.2700,28.8100,27.9150,28.6100,246395
2021-06-07,28.1700,28.8900,28.0200,28.5500,386923
2021-06-04,27.9500,28.1700,27.6550,28.1500,210905
2021-06-03,27.9700,28.2800,27.7701,28.0200,216568
2021-06-02,28.2800,28.2800,27.8600,28.0000,196113
2021-06-01,27.8100,28.4200,27.7500,28.1300,349968
2021-05-28,27.7300,27.8100,27.1050,27.7500,231570
2021-05-27,26.9400,27.6500,26.7701,27.6200,401381
2021-05-26,26.2300,26.5200,25.9600,26.4000,477936
2021-05-25,27.1600,27.3400,26.1000,26.1700,672266
