timestamp,open,high,low,close,volume
2021-10-14,30.9000,30.9800,30.5150,30.6300,872248
2021-10-13,30.8200,30.8200,30.3000,30.5800,536085
2021-10-12,30.5900,31.0800,30.3800,30.9000,516901
2021-10-11,31.0000,31.1500,30.6050,30.6500,664917
2021-10-08,30.8100,31.0900,30.7000,30.8300,664578
2021-10-07,30.6000,30.9750,30.4800,30.8100,619096
2021-10-06,30.1100,30.4000,29.5100,30.3700,585387
2021-10-05,30.5850,30.6000,30.1510,30.3900,511542
2021-10-04,30.6000,31.0000,30.1550,30.3000,859019
2021-10-01,29.9300,30.8400,29.6600,30.6000,1109813
2021-09-30,30.1800,30.2600,29.7100,29.7800,1080856
2021-09-29,29.9300,30.1100,29.6500,30.0000,751568
2021-09-28,30.3900,30.5500,29.8150,29.9300,932301
2021-09-27,29.9000,30.5400,29.6900,30.1900,1123486
2021-09-24,29.3500,29.8400,29.2400,29.5500,826592
2021-09-23,28.6000,29.7900,28.5500,29.4400,808185
2021-09-22,28.2500,28.6950,28.1400,28.3200,905172
2021-09-21,28.1000,28.2600,27.8100,27.9300,859032
2021-09-20,27.7500,28.0400,27.4300,28.0000,1107816
2021-09-17,28.8300,28.9600,28.3250,28.4800,3847860
2021-09-16,28.9800,29.1100,28.6300,28.6800,779642
2021-09-15,28.3400,28.9000,28.3000,28.7800,698431
2021-09-14,28.9000,28.9500,28.1900,28.3800,1237219
2021-09-13,29.4600,29.5050,28.7750,29.0300,1228468
2021-09-10,29.5500,29.5600,29.1800,29.2200,1125695
2021-09-09,29.2600,29.7900,29.2600,29.3000,918677
2021-09-08,29.3300,29.5400,29.1300,29.3800,758406
2021-09-07,29.4400,29.9800,29.4000,29.5300,922801
2021-09-03,29.4200,29.6600,29.3400,29.4500,863473
2021-09-02,29.5000,29.7000,29.2500,29.3800,953501
2021-09-01,29.4000,29.7300,29.0200,29.5500,1486914
2021-08-31,29.3200,29.7200,29.2000,29.3300,1282069
2021-08-30,29.4800,29.4800,28.6200,28.6300,968358
2021-08-27,28.5700,29.4700,28.5400,29.4400,821951
2021-08-26,28.7200,28.7900,28.4100,28.4600,1021631
2021-08-25,28.6000,28.9100,28.5200,28.5900,568625
2021-08-24,28.5400,28.7000,28.3900,28.5000,585953
2021-08-23,28.5800,28.7400,28.4100,28.4100,645668
2021-08-20,27.9100,28.5200,27.8300,28.4200,595113
2021-08-19,27.9700,28.5500,27.7100,27.9800,1095237
2021-08-18,28.5300,28.9500,28.2400,28.2900,929812
2021-08-17,28.4800,28.7700,28.2600,28.5200,953514
2021-08-16,28.2700,28.8100,28.0000,28.8000,1035159
2021-08-13,28.6300,28.7000,28.2500,28.6000,657633
2021-08-12,28.7500,28.8650,28.3900,28.5700,757922
2021-08-11,28.2400,28.7500,27.9600,28.7200,852427
2021-08-10,27.4700,28.3550,27.4000,28.2800,963526
2021-08-09,27.2750,28.0200,27.0500,27.5400,1253695
2021-08-06,26.9500,27.6300,26.8800,27.4400,1182954
2021-08-05,25.9700,26.4500,25.7700,26.4300,510441
2021-08-04,25.5600,26.2000,25.5100,25.7700,768288
2021-08-03,25.9100,26.1800,25.2600,26.1500,713225
2021-08-02,25.8400,26.5800,25.4500,25.7100,793826
2021-07-30,26.0200,26.3900,25.6700,25.8000,790174
2021-07-29,26.1600,26.3400,25.8200,26.0800,614141
2021-07-28,25.7500,26.0900,25.2900,25.7900,656641
2021-07-27,25.0100,25.6300,24.8700,25.5100,634673
2021-07-26,25.4700,25.9200,25.2500,25.3600,746692
2021-07-23,25.4000,25.6300,25.1100,25.4000,507468
2021-07-22,26.2800,26.2800,24.9200,25.1700,842844
2021-07-21,25.9200,26.4250,25.9050,26.1600,775757
2021-07-20,25.2300,26.5100,25.2300,25.6300,1191625
2021-07-19,25.8200,26.0000,25.1250,25.3300,917888
2021-07-16,27.4800,27.4800,26.4800,26.5400,565277
2021-07-15,26.5600,27.3039,26.4200,27.2700,679318
2021-07-14,26.9600,27.4400,26.6200,26.8700,742494
2021-07-13,27.2800,27.4050,26.7900,26.9400,528065
2021-07-12,27.0000,27.5200,26.8000,27.4500,540668
2021-07-09,26.9200,27.7200,26.7400,27.6700,914203
2021-07-08,26.1700,26.5000,25.8500,26.3000,1296028
2021-07-07,26.7300,27.3700,26.5500,26.6700,1006845
2021-07-06,28.0400,28.2500,26.9650,27.1400,1482772
2021-07-02,28.5800,28.5800,28.0500,28.1500,544899
2021-07-01,28.6000,28.8200,28.4200,28.5900,605352
2021-06-30,28.1100,28.6300,28.1100,28.3300,641437
2021-06-29,28.5400,28.8500,28.1700,28.2900,704707
2021-06-28,28.8700,28.8700,28.1900,28.3000,750680
2021-06-25,29.0100,29.4800,28.8400,29.0100,1857877
2021-06-24,28.7000,29.0350,28.4800,28.9700,783897
2021-06-23,28.8900,29.1100,28.5500,28.5500,796849
2021-06-22,28.8200,28.9700,28.3200,28.8600,857005
2021-06-21,28.0100,28.9300,27.9400,28.9300,1501985
2021-06-18,28.3300,28.4700,27.5900,27.5900,3906071
2021-06-17,30.3800,30.4600,28.5799,28.6200,1158330
2021-06-16,29.7600,30.4200,29.3400,30.1600,770210
2021-06-15,29.6300,30.2300,29.3000,29.9100,904153
2021-06-14,30.2800,30.4600,29.2900,29.6400,1312948
2021-06-11,30.3000,30.6100,30.2000,30.3500,820478
2021-06-10,31.0400,31.1000,30.0900,30.1000,830987
2021-06-09,30.8100,30.8650,30.5000,30.6400,686307
2021-06-08,31.1000,31.3200,30.7400,31.0100,991453
2021-06-07,31.0300,31.3250,30.8050,31.2700,1023245
2021-06-04,30.9100,31.0600,30.6900,31.0000,529596
2021-06-03,30.6700,31.0700,30.6500,30.9700,569926
2021-06-02,31.0100,31.0600,30.5300,30.7400,678584
2021-06-01,30.9100,31.0700,30.6500,30.8500,596264
2021-05-28,30.4700,30.6350,29.9800,30.5800,785353
2021-05-27,30.5400,30.7300,30.2300,30.4500,347917
2021-05-26,29.6700,30.1200,29.4800,30.0500,441843
2021-05-25,30.6900,30.9900,29.6200,29.6700,643495
