timestamp,open,high,low,close,volume
2021-10-14,24.7000,24.7370,24.2673,24.5600,60573
2021-10-13,24.9400,24.9400,24.2800,24.5400,89756
2021-10-12,24.7300,25.1400,24.7300,25.0700,56211
2021-10-11,25.2800,25.4200,24.7700,24.7800,97728
2021-10-08,25.4700,25.5800,24.9900,25.3900,70064
2021-10-07,25.5000,25.6500,25.4500,25.5700,56194
2021-10-06,24.9700,25.3000,24.7400,25.2700,74321
2021-10-05,25.4200,25.4200,24.9800,25.2100,64778
2021-10-04,24.9100,25.3900,24.9100,25.1600,77741
2021-10-01,24.5300,25.2100,24.5200,25.0300,122805
2021-09-30,25.2900,25.7500,24.5600,24.5600,84417
2021-09-29,24.5200,25.1950,24.4000,25.1300,93399
2021-09-28,25.5500,25.7400,24.5300,24.5500,228793
2021-09-27,24.2200,25.5300,24.2200,25.4200,124581
2021-09-24,23.6600,24.2300,23.6600,24.0800,168144
2021-09-23,23.2500,23.9200,23.2500,23.7000,94057
2021-09-22,22.9400,23.2300,22.9300,22.9400,90769
2021-09-21,23.1100,23.1100,22.7800,22.8000,107340
2021-09-20,22.7900,23.1000,22.6200,23.0700,154252
2021-09-17,23.3700,23.4600,22.9500,23.2200,398558
2021-09-16,23.1300,23.4200,22.8600,23.3000,158473
2021-09-15,22.8900,23.2400,22.8300,23.0000,174406
2021-09-14,23.3000,23.4000,22.5900,22.9300,236517
2021-09-13,23.8500,23.8500,23.0300,23.2100,244403
2021-09-10,24.0200,24.0700,23.3900,23.4000,206500
2021-09-09,23.8600,24.2600,23.1000,23.7500,910323
2021-09-08,24.0300,24.1265,23.7700,23.9700,107680
2021-09-07,24.2900,24.5899,24.0301,24.1400,109622
2021-09-03,24.2900,24.4000,23.9200,24.3400,113891
2021-09-02,24.2700,24.5600,24.1050,24.3500,145724
2021-09-01,24.6000,24.6000,23.9900,24.2600,138891
2021-08-31,24.8000,24.8600,24.3800,24.6000,197772
2021-08-30,25.6900,25.6900,24.8300,24.8500,70960
2021-08-27,25.3000,25.7000,25.2900,25.6300,88475
2021-08-26,25.4100,25.5000,25.0400,25.0400,128278
2021-08-25,25.3200,25.5500,25.2200,25.3000,72213
2021-08-24,25.0000,25.4200,24.9900,25.1900,265931
2021-08-23,25.1100,25.4400,24.9300,25.0400,48580
2021-08-20,24.5700,25.1300,24.5500,25.0000,149410
2021-08-19,24.3300,24.6900,24.2700,24.6700,76242
2021-08-18,24.8900,25.4200,24.5500,24.5700,111963
2021-08-17,25.0600,25.2900,24.6720,24.9400,98979
2021-08-16,25.3600,25.4600,24.9700,25.3000,187816
2021-08-13,25.7500,25.7500,25.4600,25.5000,123905
2021-08-12,25.7400,25.7600,25.4400,25.7000,116854
2021-08-11,25.3000,25.5900,25.1275,25.5800,121553
2021-08-10,24.9200,25.1900,24.6600,25.1000,82219
2021-08-09,25.2400,25.2400,24.7600,24.8300,65875
2021-08-06,24.7400,25.4600,24.7400,25.3000,201185
2021-08-05,24.2700,24.6698,24.1800,24.3200,112698
2021-08-04,23.8100,24.5100,23.8100,24.0700,113427
2021-08-03,23.9500,24.1945,23.2100,24.1800,132341
2021-08-02,24.2800,25.0450,23.6650,23.7100,208584
2021-07-30,24.0000,25.7800,24.0000,24.6100,259799
2021-07-29,23.2700,23.5700,23.0700,23.5700,72423
2021-07-28,23.1600,23.1800,22.6750,22.9800,89620
2021-07-27,23.0400,23.2900,22.8400,22.9600,61634
2021-07-26,23.1400,23.5500,23.1400,23.3000,76971
2021-07-23,22.9600,23.0279,22.7100,23.0000,74822
2021-07-22,22.9300,23.1000,22.6000,22.7500,153077
2021-07-21,23.0900,23.4650,23.0100,23.1300,89940
2021-07-20,22.0500,23.0300,22.0500,22.7900,208723
2021-07-19,22.3900,22.7600,21.8900,22.0500,259761
2021-07-16,23.1300,23.1400,22.8100,23.0100,135309
2021-07-15,22.3500,23.0300,22.3450,22.8900,95457
2021-07-14,22.3300,22.7500,22.2000,22.5900,370352
2021-07-13,22.5400,22.5450,21.9900,22.2900,240593
2021-07-12,21.9800,22.7400,21.9400,22.6800,104616
2021-07-09,21.9500,22.3250,21.9300,22.2200,110119
2021-07-08,22.0100,22.4300,21.4300,21.5700,156943
2021-07-07,22.2800,22.8300,22.2300,22.5200,131375
2021-07-06,22.9700,23.1800,22.1600,22.4600,165819
2021-07-02,23.0400,23.1200,22.7700,22.9000,127093
2021-07-01,22.8500,23.1100,22.6150,23.0500,74911
2021-06-30,22.2300,22.8100,22.1400,22.6300,169423
2021-06-29,22.7500,22.7700,22.3300,22.4100,182184
2021-06-28,22.3500,22.6400,22.0100,22.5300,270142
2021-06-25,22.7000,22.9600,22.4400,22.5000,603423
2021-06-24,22.2000,22.7650,22.1000,22.6700,133552
2021-06-23,22.3100,22.5800,22.1600,22.1800,103524
2021-06-22,22.2300,22.4600,21.8375,22.3500,94419
2021-06-21,21.8500,22.6100,21.8500,22.3600,178594
2021-06-18,22.0700,22.0700,21.4100,21.6000,237717
2021-06-17,22.8600,22.8600,22.0600,22.3700,167892
2021-06-16,22.3500,22.9600,22.2000,22.7200,144941
2021-06-15,22.1600,22.6500,22.1300,22.4900,246546
2021-06-14,22.6000,22.6800,21.9500,22.2000,88420
2021-06-11,22.6500,22.7500,22.4700,22.6000,143148
2021-06-10,22.9700,23.2500,22.4600,22.5100,123921
2021-06-09,22.5900,22.7900,22.4400,22.7600,202292
2021-06-08,22.6100,22.9500,22.6100,22.7000,541376
2021-06-07,22.8300,23.0300,22.5400,22.7000,333688
2021-06-04,22.9200,23.2400,22.5700,22.6000,275083
2021-06-03,22.8300,22.9400,22.5938,22.7500,73195
2021-06-02,23.6400,23.6700,22.7800,22.8500,102105
2021-06-01,23.3000,23.5900,23.1200,23.5200,121589
2021-05-28,23.1100,23.2200,22.6000,23.0800,153204
2021-05-27,23.0500,23.2200,22.8100,22.9500,88336
2021-05-26,22.4100,22.8500,22.3000,22.7800,40014
2021-05-25,23.2400,23.3500,22.3700,22.4000,75271
