timestamp,open,high,low,close,volume
2021-10-14,48.0400,48.1800,47.4000,47.9200,3700379
2021-10-13,47.9800,48.1000,46.7400,47.4600,3773785
2021-10-12,48.1300,48.6400,47.8550,48.2700,3194994
2021-10-11,49.4400,49.6600,48.3100,48.3300,3547798
2021-10-08,48.6100,49.4700,48.4800,49.0500,2973697
2021-10-07,48.9800,49.2465,48.3700,48.6600,5159288
2021-10-06,48.6200,48.7900,47.3850,48.5600,4796688
2021-10-05,48.7100,49.4900,48.2600,48.9900,4724167
2021-10-04,48.2200,49.0400,48.1050,48.2600,4544195
2021-10-01,47.2300,48.5550,46.9600,48.2700,4684047
2021-09-30,48.2400,48.2900,46.9800,46.9800,6872849
2021-09-29,47.6300,48.0200,47.2400,47.9900,6258465
2021-09-28,47.4000,47.7550,46.8950,47.3500,8842272
2021-09-27,45.9600,47.3700,45.9600,47.1200,5255023
2021-09-24,44.9400,45.7700,44.8800,45.3200,4200198
2021-09-23,43.2700,45.0891,43.1800,44.9200,4945917
2021-09-22,42.4800,43.1400,42.2700,42.6800,3808973
2021-09-21,42.6300,42.8000,41.6100,41.8000,4309869
2021-09-20,42.3500,42.4500,41.5200,42.3500,4969017
2021-09-17,43.5500,44.2401,43.4850,43.6800,5985694
2021-09-16,44.0300,44.3000,43.6000,43.7200,4076845
2021-09-15,42.7600,43.8950,42.7500,43.7400,3160706
2021-09-14,44.1000,44.3200,42.5450,42.7700,4058793
2021-09-13,43.4600,44.2600,43.2100,43.9900,4592326
2021-09-10,43.6000,43.7300,42.7850,42.8500,4791626
2021-09-09,42.6600,43.8500,42.4894,43.2400,4448624
2021-09-08,42.7700,43.1950,42.4500,42.6400,4448513
2021-09-07,43.1600,43.8100,42.9000,42.9100,3229940
2021-09-03,43.6100,43.8000,42.9000,43.0700,2706115
2021-09-02,43.1900,43.9950,43.0400,43.4900,3904015
2021-09-01,43.8500,43.8500,43.0000,43.2000,3129381
2021-08-31,43.6800,44.1700,43.3600,43.7900,3988176
2021-08-30,44.7500,44.7500,43.4500,43.4600,2585791
2021-08-27,43.7500,44.8200,43.7200,44.7400,4032081
2021-08-26,44.6300,44.7200,43.5643,43.7000,3023858
2021-08-25,43.7400,44.8400,43.5200,44.4000,3142569
2021-08-24,42.9800,43.6600,42.9500,43.5000,3240996
2021-08-23,42.6800,43.0400,42.4900,42.8100,2945321
2021-08-20,41.8100,42.3750,41.5600,42.3400,4395199
2021-08-19,42.3700,42.8300,41.5600,41.8800,6327268
2021-08-18,43.1300,43.8400,42.8200,42.8900,3763811
2021-08-17,43.7300,44.0100,42.6500,43.3200,4348979
2021-08-16,44.3500,44.6600,43.8300,44.2700,2792288
2021-08-13,45.4200,45.6300,44.6800,44.7700,2950281
2021-08-12,45.3500,45.5100,44.8950,45.3000,2886127
2021-08-11,44.6600,45.4500,44.1400,45.3400,4252723
2021-08-10,43.7300,44.7865,43.5600,44.5400,3475339
2021-08-09,43.7700,44.4100,43.2800,43.8800,3937330
2021-08-06,43.7500,44.6800,43.7500,43.9700,4402696
2021-08-05,42.5100,43.1600,42.5000,43.1300,7003175
2021-08-04,42.0800,42.8050,41.9500,42.1500,5936727
2021-08-03,42.0000,43.0000,40.8700,42.8700,6602061
2021-08-02,42.3800,43.4400,41.7450,41.7900,5125818
2021-07-30,42.7400,43.3400,41.9650,42.1600,6188623
2021-07-29,43.5200,43.7200,42.2100,42.8500,7603422
2021-07-28,42.5900,43.5900,41.9050,43.3000,10288483
2021-07-27,43.6500,44.6400,43.2800,44.3200,2780011
2021-07-26,43.7800,44.5700,43.7800,44.2100,2932711
2021-07-23,43.8900,44.3700,43.3900,43.6300,2813299
2021-07-22,43.9700,44.0400,43.1700,43.4900,4088703
2021-07-21,43.2100,44.6200,43.1500,44.0000,4292251
2021-07-20,39.5550,43.1000,39.5550,42.6700,6299571
2021-07-19,41.6900,42.0800,40.9300,41.2000,8027299
2021-07-16,45.1700,45.1700,42.8400,43.0000,4406638
2021-07-15,44.0700,45.3700,43.8200,44.8900,4106479
2021-07-14,45.0000,45.6500,43.8950,44.6100,4412874
2021-07-13,45.5800,45.7600,44.6200,44.8400,4482002
2021-07-12,44.9900,46.1000,44.3600,45.8700,3358069
2021-07-09,44.5000,45.3400,44.1700,45.3100,3768988
2021-07-08,43.6600,44.1250,42.9600,43.5400,5340080
2021-07-07,44.3800,44.9500,44.2000,44.4100,4528308
2021-07-06,45.6600,45.8300,44.3100,44.7000,4343972
2021-07-02,46.3500,46.4490,45.7550,46.0500,2834404
2021-07-01,46.3500,46.5800,45.9200,46.4500,3770132
2021-06-30,45.6600,46.1100,45.5100,45.8700,3147917
2021-06-29,46.3900,46.8300,45.5300,45.7500,2889771
2021-06-28,47.0600,47.0600,45.9100,46.0300,3982720
2021-06-25,46.8200,47.6100,46.5400,47.3300,5093197
2021-06-24,46.0700,46.7950,45.5388,46.5600,3544100
2021-06-23,45.8400,46.3600,45.6700,45.9200,2961919
2021-06-22,45.5400,45.9550,45.0100,45.5900,3694735
2021-06-21,44.7000,45.5900,44.3900,45.5000,3999214
2021-06-18,44.3000,44.7800,43.5942,44.2500,9332273
2021-06-17,48.3900,48.4500,45.1600,45.2700,7161683
2021-06-16,47.2500,48.3000,46.5500,47.9000,3749218
2021-06-15,47.1400,48.0650,47.0400,47.7200,3971092
2021-06-14,47.7300,47.9700,46.6850,47.1000,3939484
2021-06-11,47.3900,47.9500,47.3900,47.8500,3475125
2021-06-10,49.2200,49.3400,47.2300,47.2500,3378286
2021-06-09,49.1200,49.2300,48.1300,48.4400,3731254
2021-06-08,49.4700,49.8800,48.7100,49.6100,4541747
2021-06-07,50.0900,50.1800,49.7150,49.9000,4190029
2021-06-04,50.1600,50.4093,49.4000,49.9200,3383843
2021-06-03,49.8800,50.8300,49.7600,50.3000,4597464
2021-06-02,50.4800,50.5200,49.5700,49.9300,3397988
2021-06-01,50.7000,51.0300,50.1400,50.3500,3558580
2021-05-28,50.0300,50.0850,49.1500,49.9000,3414600
2021-05-27,50.0200,50.4800,49.7500,50.0900,6690256
2021-05-26,48.5900,49.4400,48.4700,49.0900,3708780
2021-05-25,49.5500,50.2000,48.3250,48.3800,3803849
