timestamp,open,high,low,close,volume
2021-10-14,165.1500,166.2900,162.7408,166.0100,2282149
2021-10-13,167.5700,167.7400,159.5500,162.1000,3853679
2021-10-12,166.2300,168.3319,165.1600,167.6500,1697556
2021-10-11,169.5000,171.7800,166.0500,166.1800,1929438
2021-10-08,168.4400,171.2800,167.4050,168.8000,1713240
2021-10-07,169.7300,171.4300,167.7118,167.8800,2011107
2021-10-06,166.9200,169.0300,164.4700,167.8700,2032043
2021-10-05,168.0800,170.6900,166.3900,168.7200,2089073
2021-10-04,166.5400,170.2799,165.6900,166.1100,2759005
2021-10-01,162.6100,167.8400,161.8700,166.5400,2696409
2021-09-30,167.8800,167.8800,161.8500,161.9700,2711979
2021-09-29,168.6200,168.6200,165.9200,166.5500,2004512
2021-09-28,169.4400,171.5000,167.1000,167.3800,2935878
2021-09-27,167.6900,170.2700,167.3100,169.7600,2611056
2021-09-24,165.1300,168.0500,164.9600,166.1700,2695069
2021-09-23,161.6500,167.1500,161.0000,166.0200,2977186
2021-09-22,158.6800,161.0200,158.3700,159.6200,3001417
2021-09-21,158.0000,158.8600,156.3200,156.5000,2845949
2021-09-20,154.0900,157.0100,153.3300,156.3700,3429999
2021-09-17,159.1000,161.1500,158.4500,159.5700,4829969
2021-09-16,159.6000,161.2400,159.1200,160.1700,2627478
2021-09-15,155.2200,159.1000,154.8100,158.9100,3210775
2021-09-14,159.5900,160.1700,153.9500,154.3900,4075227
2021-09-13,157.0700,159.4300,156.9100,158.9300,3349635
2021-09-10,156.9100,157.8200,155.4000,155.5600,2855593
2021-09-09,154.8400,159.1790,154.4800,155.7800,2904730
2021-09-08,156.4900,156.4900,152.1300,154.6000,3342574
2021-09-07,156.9500,159.6800,156.4600,156.9300,3437293
2021-09-03,159.9900,160.3700,156.4000,157.2600,3361459
2021-09-02,162.5000,163.3800,159.5200,160.0600,3118489
2021-09-01,165.9600,166.5800,161.2300,161.6800,3343105
2021-08-31,165.0300,167.1700,163.2609,165.9700,3791885
2021-08-30,172.1400,173.5700,165.1100,165.1900,4300605
2021-08-27,172.3100,175.9800,171.6500,175.8000,1747663
2021-08-26,174.4000,174.6986,171.3100,171.6300,1867050
2021-08-25,170.5900,174.5600,170.2300,173.9300,2184300
2021-08-24,169.8900,171.7100,169.4500,170.0500,1668372
2021-08-23,169.4200,171.2025,168.9800,169.3500,2019463
2021-08-20,168.1800,169.1200,165.4600,168.2200,2595680
2021-08-19,169.1200,171.5900,166.9500,168.1000,2478498
2021-08-18,172.3300,175.6200,171.2700,172.0200,1760009
2021-08-17,175.2700,176.5266,171.4300,173.2800,2791045
2021-08-16,176.0000,177.7200,175.1800,177.3200,2115112
2021-08-13,177.1800,177.9500,175.7910,177.7300,2360799
2021-08-12,174.5000,177.1650,173.4100,176.9300,3274651
2021-08-11,171.0000,174.9400,169.8400,174.5500,3880548
2021-08-10,166.2100,171.2850,166.1000,170.6700,3442465
2021-08-09,164.8400,167.1500,163.1300,166.2100,2239532
2021-08-06,164.8500,167.5100,164.2600,165.9500,3394536
2021-08-05,162.2200,163.9500,162.2200,163.1900,2749584
2021-08-04,160.2800,164.1700,159.1000,161.1900,2722818
2021-08-03,161.0500,162.0600,155.4550,161.4300,2868514
2021-08-02,163.1400,165.9100,158.9200,160.1000,3934629
2021-07-30,163.1600,165.0900,160.6350,161.7000,2661439
2021-07-29,163.5000,165.3512,162.9100,163.9100,2583648
2021-07-28,163.0400,163.5400,159.8750,161.3900,2314796
2021-07-27,159.9500,163.6600,159.1400,162.5400,2167977
2021-07-26,160.0500,163.0000,160.0000,162.3400,2055907
2021-07-23,157.0000,164.2500,156.5869,160.0800,3516313
2021-07-22,162.2000,163.0800,158.7000,161.4300,2966561
2021-07-21,159.6100,164.4000,159.3950,163.2100,2508487
2021-07-20,152.9600,159.2400,152.4400,157.9800,3306164
2021-07-19,153.4500,154.8100,150.8900,153.6100,3757363
2021-07-16,161.6500,161.6500,157.0800,157.5200,1955200
2021-07-15,156.6600,160.6400,156.2900,160.3500,3069799
2021-07-14,163.0700,165.0000,157.6300,158.8400,4190911
2021-07-13,164.8500,165.3000,162.6400,162.8400,2536714
2021-07-12,159.1800,165.4400,158.0800,164.8500,3250160
2021-07-09,155.3800,160.9150,155.3450,160.5500,3638876
2021-07-08,151.9000,154.8800,149.4500,152.4600,3313846
2021-07-07,153.6100,156.7100,153.1400,155.0400,3042377
2021-07-06,156.7600,157.3800,154.1400,155.5000,3566912
2021-07-02,157.7000,158.9500,157.1500,157.4000,2247862
2021-07-01,155.5300,158.0600,155.1300,157.1500,3354477
2021-06-30,153.6900,155.2200,153.6201,154.6900,2631841
2021-06-29,157.3700,158.3200,153.8200,154.1500,2151085
2021-06-28,159.4100,160.0100,155.2950,156.0000,2693097
2021-06-25,160.5400,162.0000,159.7900,159.9900,4238375
2021-06-24,157.5900,158.1700,155.4000,157.5700,2077679
2021-06-23,155.6100,157.6100,155.0400,156.3700,2032263
2021-06-22,154.3000,155.9100,152.8500,154.8900,2363883
2021-06-21,151.5500,154.9900,151.2200,154.8900,2874967
2021-06-18,149.6000,150.4400,147.5200,150.0200,8383912
2021-06-17,163.4700,163.5900,151.4300,153.5500,4308524
2021-06-16,161.4400,163.3100,159.7900,162.2000,3120725
2021-06-15,159.3800,162.7000,158.7200,162.1100,2789526
2021-06-14,160.4000,160.8000,157.1700,158.7100,3372876
2021-06-11,159.2000,160.6900,159.1000,160.6500,3826811
2021-06-10,162.9900,163.8600,158.6000,158.7400,3710653
2021-06-09,162.6000,162.6150,159.3000,160.6000,3284502
2021-06-08,162.7000,163.8400,161.0400,162.7300,3513600
2021-06-07,163.5000,165.3100,162.5900,163.5500,3223914
2021-06-04,167.0700,168.0000,165.0300,166.2600,2886628
2021-06-03,165.0600,167.3400,164.3100,166.2900,2513709
2021-06-02,167.0000,167.4000,164.9650,165.9200,3099481
2021-06-01,165.2700,166.6250,163.7400,166.2500,4188041
2021-05-28,161.8300,162.2400,159.2200,160.7800,3365804
2021-05-27,161.8500,162.7500,160.3400,161.7900,3488705
2021-05-26,159.3200,160.5000,157.9800,159.8400,3143592
2021-05-25,161.4700,162.4800,158.1300,158.2200,2670448
