timestamp,open,high,low,close,volume
2021-10-14,26.0700,26.1000,25.6945,25.9200,74753
2021-10-13,25.8500,25.8900,25.5600,25.7400,69343
2021-10-12,26.0500,26.2900,25.8500,25.9600,52440
2021-10-11,26.4300,26.5700,26.1100,26.1300,56728
2021-10-08,26.2500,26.5600,26.2500,26.3400,33616
2021-10-07,26.1500,26.4200,26.1200,26.4000,132130
2021-10-06,25.8700,26.1300,25.6500,25.9600,114084
2021-10-05,26.3500,26.4300,25.9400,26.1400,105603
2021-10-04,26.1700,26.4850,25.8800,26.1400,74709
2021-10-01,25.7800,26.5200,25.7800,26.2700,114384
2021-09-30,26.1900,26.1900,25.6600,25.6800,89576
2021-09-29,25.7000,26.1650,25.6500,26.0900,78246
2021-09-28,26.1000,26.1000,25.4500,25.5800,130278
2021-09-27,25.4400,26.2700,25.2900,25.9900,111214
2021-09-24,24.8100,25.3600,24.8100,25.1900,90260
2021-09-23,24.3100,25.0400,24.3100,24.7800,88300
2021-09-22,23.8600,24.3600,23.8600,24.0800,111403
2021-09-21,23.5700,23.8800,23.5000,23.5700,105941
2021-09-20,23.7600,23.7600,23.1200,23.4600,169937
2021-09-17,23.6100,24.3700,23.5300,24.3000,502201
2021-09-16,23.8900,24.1300,23.5200,23.6500,91187
2021-09-15,23.6100,23.8950,23.3600,23.7800,96938
2021-09-14,23.8900,23.9400,23.2300,23.5100,121772
2021-09-13,23.6000,24.3200,23.3800,23.7700,112017
2021-09-10,23.9800,24.2100,23.4100,23.4500,102051
2021-09-09,23.8700,24.3250,23.8300,23.9200,186054
2021-09-08,24.3700,24.5000,23.7100,23.8300,78309
2021-09-07,24.7800,24.9700,24.3500,24.3700,75992
2021-09-03,24.6100,25.0000,24.3200,24.5900,130192
2021-09-02,24.9700,25.2450,24.6600,24.7000,108539
2021-09-01,25.3500,25.4900,24.8300,25.0300,84435
2021-08-31,25.0700,25.5800,24.9600,25.3100,108659
2021-08-30,25.9500,25.9500,25.1700,25.1800,65521
2021-08-27,25.4200,26.2400,25.3600,26.1000,98943
2021-08-26,25.6900,25.8200,25.2700,25.2800,105618
2021-08-25,25.6200,25.9300,25.6000,25.6500,86079
2021-08-24,25.8100,25.8100,25.4550,25.5300,175037
2021-08-23,25.6700,25.9600,25.5500,25.6500,60718
2021-08-20,24.9700,25.6100,24.9600,25.5900,136090
2021-08-19,24.9500,25.2400,24.6900,25.0300,199698
2021-08-18,25.3600,25.6700,25.2000,25.2500,92184
2021-08-17,25.7500,25.8400,25.3700,25.4900,94194
2021-08-16,25.9700,26.1784,25.8400,26.0200,67576
2021-08-13,26.6100,26.6100,26.1000,26.2200,50922
2021-08-12,26.8200,26.8200,26.2650,26.4700,69199
2021-08-11,26.5000,26.8300,26.0400,26.8200,70754
2021-08-10,25.9200,26.5150,25.7200,26.4600,84847
2021-08-09,26.2700,26.2900,25.8300,25.9200,79346
2021-08-06,26.2000,26.5700,26.0800,26.2800,93229
2021-08-05,25.4800,25.8500,25.4800,25.7100,100206
2021-08-04,25.2200,25.7500,25.1200,25.3600,92290
2021-08-03,25.3200,25.6600,24.8700,25.6300,143859
2021-08-02,25.7400,26.1800,25.0200,25.1900,153626
2021-07-30,25.8000,26.2800,25.5900,25.6000,182073
2021-07-29,25.4800,25.8800,25.3350,25.7500,123014
2021-07-28,25.1500,25.8300,24.5800,25.4100,125659
2021-07-27,24.5400,24.9718,24.4500,24.9500,127986
2021-07-26,24.4900,24.9500,24.4900,24.8700,109332
2021-07-23,24.4400,24.6100,24.2000,24.4500,88712
2021-07-22,24.7000,24.8000,24.2100,24.2700,90287
2021-07-21,24.6800,25.1100,24.6800,24.8200,74624
2021-07-20,23.7500,24.8600,23.7400,24.3900,184087
2021-07-19,24.0700,24.3300,23.4900,23.6900,149246
2021-07-16,25.3200,25.3200,24.5800,24.6400,95748
2021-07-15,24.6300,25.2300,24.5700,25.1300,98332
2021-07-14,24.7300,25.0100,24.6000,24.7900,119520
2021-07-13,25.1300,25.5300,24.4200,24.7300,141443
2021-07-12,24.9600,25.4200,24.8900,25.3300,157012
2021-07-09,24.9400,25.2800,24.6600,25.1600,182095
2021-07-08,24.3800,24.7900,24.1000,24.3700,216203
2021-07-07,25.0000,25.4499,24.7800,24.8500,189989
2021-07-06,25.6300,25.6400,24.9900,25.2900,178374
2021-07-02,26.1400,26.3700,25.7700,25.8100,79744
2021-07-01,26.2500,26.2900,25.9900,26.1700,110979
2021-06-30,25.8000,26.2300,25.8000,26.0600,94279
2021-06-29,26.4600,26.4600,25.8900,25.9200,84999
2021-06-28,26.3900,26.9300,25.9600,26.1300,137421
2021-06-25,27.0000,27.1100,26.5200,26.5200,356461
2021-06-24,27.1000,27.1600,26.7200,26.9800,245141
2021-06-23,27.0400,27.3200,26.8500,26.8500,172739
2021-06-22,27.0000,27.1100,26.5400,27.0200,85070
2021-06-21,26.5600,27.2200,26.4650,27.0600,130324
2021-06-18,26.5500,26.8400,26.1500,26.2800,345469
2021-06-17,28.1000,28.1000,26.9300,27.0000,166257
2021-06-16,27.2600,28.0700,27.0500,27.8900,104317
2021-06-15,27.1900,27.8399,27.0700,27.5100,122436
2021-06-14,27.1600,27.5100,26.7900,27.0400,147834
2021-06-11,27.3200,27.5700,27.2000,27.2600,93760
2021-06-10,28.3500,28.3500,27.1800,27.2700,211682
2021-06-09,28.4300,28.4300,28.0200,28.1100,181975
2021-06-08,28.1600,28.8100,28.1250,28.5900,92517
2021-06-07,28.3300,28.5700,28.2200,28.4500,79288
2021-06-04,28.2300,28.4500,27.9700,28.3400,96776
2021-06-03,28.0900,28.4500,28.0100,28.3600,92052
2021-06-02,28.3500,28.4100,28.0200,28.1000,119394
2021-06-01,27.9100,28.1800,27.7200,28.1300,159287
2021-05-28,27.5800,27.7800,27.0800,27.7100,86592
2021-05-27,27.7100,27.9400,27.4300,27.6000,93860
2021-05-26,27.0100,27.5900,27.0100,27.5600,108172
2021-05-25,27.8000,28.0600,26.9600,26.9800,148665
