timestamp,open,high,low,close,volume
2021-10-14,122.7800,123.2200,121.4600,123.1800,137162
2021-10-13,121.3600,122.1000,119.2050,121.2300,224296
2021-10-12,121.4100,122.3400,120.9000,121.8200,144630
2021-10-11,123.4300,123.7000,121.7300,121.8500,201108
2021-10-08,122.3200,123.4800,121.4200,122.9100,238915
2021-10-07,121.5900,123.0500,121.5500,121.9900,179414
2021-10-06,120.8500,121.4200,118.7300,121.3700,187881
2021-10-05,121.6200,122.9200,120.6100,121.6400,360785
2021-10-04,122.2500,123.5200,120.4200,121.6200,272403
2021-10-01,119.2500,122.7500,118.6700,122.1500,294799
2021-09-30,121.8700,121.9200,118.5300,118.6200,276453
2021-09-29,120.3400,121.6700,119.7700,121.0200,272114
2021-09-28,122.4100,123.6690,120.4800,120.5400,331713
2021-09-27,119.4800,123.1350,119.4800,122.4100,319600
2021-09-24,115.5800,119.3100,115.5800,118.1200,343714
2021-09-23,112.4200,116.8750,112.4200,116.2000,348580
2021-09-22,110.2300,112.1000,109.4200,111.0500,229091
2021-09-21,110.3200,110.3200,107.9900,108.6800,129552
2021-09-20,107.8600,109.5300,106.6600,109.3700,288637
2021-09-17,111.8800,112.9800,110.9400,111.2700,935793
2021-09-16,113.6600,114.1600,111.2400,111.8900,169111
2021-09-15,111.2100,114.0807,111.2100,112.9100,270256
2021-09-14,112.3500,112.3500,110.3500,110.9400,266316
2021-09-13,112.1100,112.9150,110.9200,112.0200,213305
2021-09-10,112.9200,113.3600,110.8700,110.9000,217620
2021-09-09,112.0000,113.4450,111.9150,112.1000,161837
2021-09-08,112.4000,113.1950,111.7950,112.3000,132346
2021-09-07,113.7800,114.9000,113.0800,113.2200,164760
2021-09-03,114.0900,116.0400,113.1100,113.8800,131757
2021-09-02,113.5300,114.6200,112.9210,113.8200,162748
2021-09-01,114.4400,114.4400,111.9800,113.5500,205292
2021-08-31,113.6200,114.6400,112.9800,114.2200,173651
2021-08-30,115.2500,115.2500,113.0400,113.2200,345515
2021-08-27,113.3200,116.2100,113.1350,116.1300,278816
2021-08-26,115.2700,116.5300,113.3900,113.4400,106176
2021-08-25,115.5500,116.7400,114.8300,115.2300,176119
2021-08-24,115.0000,115.6600,114.1500,114.7100,155354
2021-08-23,115.0900,115.4100,114.2950,114.9300,149824
2021-08-20,111.6200,114.1850,111.6200,114.0600,190532
2021-08-19,112.4200,113.2400,111.1300,111.8900,207512
2021-08-18,114.6000,115.6800,113.2600,113.4200,203839
2021-08-17,114.8500,115.7600,113.7600,114.9500,189952
2021-08-16,115.7900,116.7399,114.8450,115.9400,182822
2021-08-13,117.0600,117.0600,115.2000,116.4700,258752
2021-08-12,117.8100,117.9400,116.3400,116.8100,213020
2021-08-11,116.0300,117.8100,115.1138,117.8100,214374
2021-08-10,114.5100,116.0300,113.9900,115.8700,214012
2021-08-09,114.9100,116.0400,114.1400,114.7700,247670
2021-08-06,113.7600,116.4300,112.8700,115.7000,353158
2021-08-05,111.0900,112.5000,111.0400,112.0300,278504
2021-08-04,108.3800,111.3100,108.3800,110.1300,293105
2021-08-03,107.7700,110.4900,105.9400,110.2100,421573
2021-08-02,107.5600,110.6050,106.5700,107.1300,472400
2021-07-30,108.1200,109.9400,106.6700,107.3200,770641
2021-07-29,108.2500,109.6300,105.8400,107.9300,588427
2021-07-28,104.6100,107.4400,104.0200,106.6300,404898
2021-07-27,103.7200,105.7300,103.6500,104.6400,289984
2021-07-26,104.1600,105.6400,104.1600,104.9400,241737
2021-07-23,104.3400,104.8500,103.1200,103.8600,170221
2021-07-22,105.2600,105.7000,102.5900,103.1400,232884
2021-07-21,104.7300,106.6100,104.7300,105.2600,389146
2021-07-20,100.7100,105.5100,100.7100,103.4700,392761
2021-07-19,102.5400,103.4500,100.3500,100.8200,387172
2021-07-16,108.6800,108.6800,104.9900,105.2300,308703
2021-07-15,105.5300,108.8800,105.5300,107.8800,253969
2021-07-14,107.6000,108.7900,105.2500,106.7600,240961
2021-07-13,108.3500,108.4800,106.5000,107.3500,329962
2021-07-12,106.5400,109.0700,105.8200,109.0100,356314
2021-07-09,107.1500,108.7100,106.5050,108.4000,383545
2021-07-08,106.1800,106.5750,103.9900,104.8400,463947
2021-07-07,107.5800,109.0400,106.8700,107.4400,278578
2021-07-06,111.4300,111.4300,107.6500,108.3600,388961
2021-07-02,112.2800,112.2800,110.9300,111.7700,156184
2021-07-01,112.7900,113.1700,112.1100,112.6200,222870
2021-06-30,110.7400,112.4000,110.7400,112.0000,240740
2021-06-29,113.6100,114.9300,110.7900,111.5100,272481
2021-06-28,114.7800,115.6300,111.8400,112.7200,286558
2021-06-25,113.2100,116.0600,113.2100,115.3700,420569
2021-06-24,112.0700,113.6200,111.2400,113.2100,176240
2021-06-23,112.5000,113.0400,111.4300,111.6000,240222
2021-06-22,112.4400,112.4450,110.3750,111.8800,229047
2021-06-21,108.7800,112.1900,108.7800,112.1000,395511
2021-06-18,108.1100,109.2800,106.8000,107.4600,737245
2021-06-17,116.7100,116.7100,109.5100,109.7000,374965
2021-06-16,115.0600,117.3250,113.6000,116.1500,416697
2021-06-15,114.1600,116.7500,113.8800,115.6600,340281
2021-06-14,116.2800,116.5000,113.4000,114.1200,278956
2021-06-11,116.4400,117.3200,115.8000,116.2800,280069
2021-06-10,119.7500,119.7500,116.0000,116.1200,274085
2021-06-09,120.8900,120.8900,118.4100,118.6900,232711
2021-06-08,119.7200,121.0700,118.4100,120.9000,216842
2021-06-07,121.7100,122.5100,120.3100,120.7000,198010
2021-06-04,121.3900,122.0100,120.9100,121.5800,141619
2021-06-03,121.6200,122.4900,120.8200,121.6100,208881
2021-06-02,122.7300,123.1200,121.1600,121.6600,211162
2021-06-01,121.7100,122.6800,120.7700,122.0800,161912
2021-05-28,120.9200,120.9200,119.1900,120.7100,162057
2021-05-27,120.6800,121.1800,119.7600,120.6100,184202
2021-05-26,118.9400,120.0300,117.9000,119.8000,160788
2021-05-25,121.5400,122.7500,118.4000,118.6700,307898
