timestamp,open,high,low,close,volume
2021-10-14,22.0000,22.1300,21.7800,22.1200,7092566
2021-10-13,21.9200,21.9600,21.2200,21.7300,8158311
2021-10-12,21.7600,22.0900,21.6600,22.0500,8263776
2021-10-11,22.1100,22.3850,21.8200,21.8500,5733547
2021-10-08,21.7900,22.1373,21.7282,22.0200,5765510
2021-10-07,21.9000,22.0400,21.7199,21.8500,6513113
2021-10-06,21.7200,21.8400,21.2600,21.7000,6195054
2021-10-05,22.0000,22.1300,21.7300,21.8500,6487982
2021-10-04,21.7000,22.0550,21.7000,21.8200,7658191
2021-10-01,21.4300,21.9100,21.2500,21.7400,6528629
2021-09-30,21.8100,21.8100,21.3000,21.3100,7064624
2021-09-29,21.7500,21.7800,21.5050,21.6900,6598801
2021-09-28,21.9500,21.9800,21.5050,21.5800,8198315
2021-09-27,20.9600,21.8400,20.8600,21.7600,11540307
2021-09-24,20.4100,20.7700,20.3701,20.6500,8713666
2021-09-23,19.7500,20.6100,19.7500,20.4000,12068576
2021-09-22,19.3900,19.7150,19.3550,19.5200,8524661
2021-09-21,19.2500,19.3350,18.9600,19.1100,7401364
2021-09-20,19.2300,19.2850,18.8100,19.1600,10156117
2021-09-17,19.7300,20.0500,19.7300,19.8300,13530182
2021-09-16,19.8700,20.0900,19.7400,19.8400,6693871
2021-09-15,19.5200,19.8800,19.4900,19.8000,6663660
2021-09-14,19.9800,20.0100,19.3350,19.4500,9267582
2021-09-13,19.7500,19.9500,19.5800,19.8900,13102017
2021-09-10,19.8100,19.8800,19.4800,19.5000,10883302
2021-09-09,19.4700,19.9200,19.3900,19.6600,5652358
2021-09-08,19.4700,19.6200,19.2600,19.4900,6932945
2021-09-07,19.7100,20.0950,19.6700,19.6800,5723544
2021-09-03,20.0000,20.1000,19.5750,19.7100,7443565
2021-09-02,20.0100,20.1900,19.9001,20.0400,5763888
2021-09-01,20.4200,20.4700,20.0020,20.1300,10166205
2021-08-31,20.3500,20.6399,20.2900,20.4300,8323747
2021-08-30,20.9100,20.9500,20.3250,20.3400,6570237
2021-08-27,20.6100,21.0750,20.5600,20.9200,7228505
2021-08-26,21.0100,21.0600,20.4350,20.5500,6823479
2021-08-25,20.7100,21.1850,20.5950,20.9300,7007526
2021-08-24,20.3700,20.6400,20.3650,20.6100,7441472
2021-08-23,20.2150,20.4600,20.1000,20.3500,8818022
2021-08-20,19.6700,20.0400,19.5500,20.0300,10723278
2021-08-19,19.5150,19.8402,19.4300,19.6700,11049437
2021-08-18,19.8600,20.2100,19.7450,19.8100,4296605
2021-08-17,20.1000,20.2650,19.7000,19.9400,4183057
2021-08-16,20.3200,20.4750,20.0900,20.3300,4158347
2021-08-13,20.8500,20.9000,20.4300,20.5000,5731778
2021-08-12,20.6200,20.8000,20.4100,20.7900,6365119
2021-08-11,20.2600,20.7100,20.0500,20.6200,7003514
2021-08-10,19.8100,20.2500,19.7700,20.1900,6795669
2021-08-09,19.8300,20.1700,19.6300,19.8900,4779499
2021-08-06,19.8600,20.1800,19.7773,19.9600,5425914
2021-08-05,19.4600,19.6150,19.3900,19.5400,5295062
2021-08-04,19.2600,19.6300,19.2100,19.2800,4527888
2021-08-03,19.3200,19.6650,18.8200,19.6200,5918849
2021-08-02,19.3800,19.8900,19.1100,19.1100,5606380
2021-07-30,19.3900,19.7000,19.1800,19.2500,7369115
2021-07-29,19.6400,19.7800,19.3800,19.5300,5579262
2021-07-28,19.4900,19.6450,19.0400,19.4100,6322552
2021-07-27,19.0700,19.4500,18.9700,19.3900,4869243
2021-07-26,19.2900,19.5200,19.1500,19.3400,5664221
2021-07-23,19.1750,19.7150,18.9698,19.1000,8420918
2021-07-22,19.2600,19.3350,18.8600,18.9600,10334833
2021-07-21,19.0900,19.5300,19.0623,19.2400,8446175
2021-07-20,18.1600,19.1400,18.0200,18.9100,8121180
2021-07-19,18.5100,18.6290,18.0200,18.1400,10147180
2021-07-16,19.8900,19.9100,18.9400,19.0100,8739814
2021-07-15,19.3100,19.8950,19.2100,19.7300,10422780
2021-07-14,19.7200,20.0800,19.2050,19.5000,9286255
2021-07-13,19.9000,20.0700,19.5450,19.7200,7071290
2021-07-12,19.6000,20.1050,19.4100,20.0300,5436253
2021-07-09,19.4200,19.8800,19.2750,19.8700,8324491
2021-07-08,18.9200,19.3450,18.8200,18.9700,10783667
2021-07-07,19.4300,19.6300,19.2500,19.4300,6788635
2021-07-06,20.0900,20.1600,19.5500,19.5800,7910709
2021-07-02,20.3900,20.4800,20.1100,20.2600,4126037
2021-07-01,20.4100,20.5100,20.2050,20.4300,4718671
2021-06-30,20.0000,20.2450,19.9800,20.1800,6498882
2021-06-29,20.6100,20.6900,19.9850,20.0600,6591598
2021-06-28,20.4900,20.4900,20.1400,20.3400,6225342
2021-06-25,20.4800,20.7050,20.3450,20.6000,7740658
2021-06-24,20.1200,20.4300,19.9400,20.3200,5243726
2021-06-23,19.9800,20.2000,19.9250,20.0200,4119933
2021-06-22,19.8200,20.0350,19.5650,19.8800,5417105
2021-06-21,19.5400,19.9800,19.4800,19.8600,6617954
2021-06-18,19.3700,19.6400,19.1550,19.3300,14896393
2021-06-17,21.5900,21.6400,19.7701,19.8200,15610327
2021-06-16,21.1000,21.6200,20.8200,21.4000,7280235
2021-06-15,21.2100,21.5450,21.0100,21.3000,6459567
2021-06-14,21.4700,21.5800,20.9900,21.1800,6615674
2021-06-11,21.3900,21.6300,21.3050,21.5200,5695023
2021-06-10,22.2600,22.3200,21.2600,21.2900,6833466
2021-06-09,22.1700,22.1700,21.8500,21.9000,5509544
2021-06-08,22.2500,22.4150,21.7700,22.3400,10307244
2021-06-07,22.6500,22.6900,22.3500,22.5100,6187161
2021-06-04,22.8800,22.8800,22.4200,22.6300,8759552
2021-06-03,22.9800,23.4500,22.8600,22.9400,9401148
2021-06-02,23.6200,23.6500,23.0201,23.2500,8820713
2021-06-01,23.7500,23.8100,23.5150,23.6200,4862421
2021-05-28,23.4200,23.4600,22.9600,23.4100,7594073
2021-05-27,23.1800,23.4000,23.0207,23.3700,8693891
2021-05-26,22.6100,22.8700,22.4300,22.8300,5005689
2021-05-25,22.9100,23.2200,22.4400,22.4600,5569162
