timestamp,open,high,low,close,volume
2021-10-14,73.5500,74.0000,73.0200,73.9900,209642
2021-10-13,72.5700,73.2300,71.5300,72.9900,281959
2021-10-12,72.1700,72.9000,71.7700,72.8400,188491
2021-10-11,73.4100,73.4100,72.3400,72.3800,184647
2021-10-08,72.6200,73.1400,72.0300,72.7600,187529
2021-10-07,71.7600,72.6100,71.7600,72.4300,250407
2021-10-06,71.3300,71.5000,70.2000,71.3600,468598
2021-10-05,73.4000,73.9800,71.9400,72.0300,509939
2021-10-04,73.0200,74.0000,72.6500,73.4000,332829
2021-10-01,71.4600,73.5400,71.4200,72.8800,492139
2021-09-30,71.9900,72.4900,71.1200,71.1300,422786
2021-09-29,70.9300,72.0700,70.3400,71.6400,274638
2021-09-28,71.3700,71.8500,70.2300,70.5400,395978
2021-09-27,68.5000,71.1700,68.5000,70.8000,425406
2021-09-24,67.6600,68.4800,67.5700,67.6800,380281
2021-09-23,66.7400,68.1600,66.7400,67.6600,264486
2021-09-22,66.3100,66.8800,65.8700,66.2800,227393
2021-09-21,66.1900,66.1900,65.3000,65.5200,239101
2021-09-20,64.6300,66.1500,64.4000,66.0800,511447
2021-09-17,66.1700,66.5700,65.2900,66.0300,869524
2021-09-16,66.5800,66.7700,65.4400,65.8300,252990
2021-09-15,65.6200,66.6100,65.5900,66.2300,265497
2021-09-14,66.6500,66.7600,65.3400,65.5600,340300
2021-09-13,67.4400,67.5700,66.5600,67.1100,300066
2021-09-10,68.4300,68.5200,66.7800,66.8000,448622
2021-09-09,67.9600,68.5850,67.7900,67.9100,315629
2021-09-08,68.4500,68.7500,66.9900,68.2800,277724
2021-09-07,70.1900,70.8300,68.8300,68.8500,277653
2021-09-03,69.8200,70.3800,69.4700,70.1400,410310
2021-09-02,69.1200,69.8090,68.8600,69.7100,420955
2021-09-01,70.1100,70.1100,68.8800,69.2700,390013
2021-08-31,69.7900,70.6500,69.7300,69.8800,292600
2021-08-30,71.4200,71.4200,69.7400,69.7600,178681
2021-08-27,69.9100,71.4200,69.9100,71.1900,374120
2021-08-26,70.6800,71.2100,69.7400,69.8100,203455
2021-08-25,70.6600,71.4900,70.4600,70.7000,136862
2021-08-24,70.7100,71.2400,70.2200,70.5100,179044
2021-08-23,70.8900,71.0000,70.4200,70.5700,202919
2021-08-20,68.8200,70.3000,68.8200,70.2900,244131
2021-08-19,68.9100,69.6100,68.5450,69.0100,305374
2021-08-18,70.2100,70.5400,69.3200,69.3900,304490
2021-08-17,69.9800,70.8200,69.4400,70.3800,357275
2021-08-16,69.6800,70.7700,69.1500,70.7700,221037
2021-08-13,70.8800,70.9000,69.9800,70.2600,209816
2021-08-12,70.9200,71.2391,70.3000,70.8500,236309
2021-08-11,69.7100,70.9200,69.0800,70.9100,219683
2021-08-10,68.8200,69.7200,68.6900,69.5800,291193
2021-08-09,69.2100,69.9000,68.8900,69.1100,390764
2021-08-06,70.0000,70.5250,69.2300,69.8400,429087
2021-08-05,68.7400,69.2600,68.6200,69.1800,301800
2021-08-04,66.9300,68.7250,66.7200,68.1800,397615
2021-08-03,67.4500,68.0100,66.1900,67.8600,339334
2021-08-02,68.4900,69.6900,67.2500,67.2600,376036
2021-07-30,69.7100,70.5900,67.9600,68.1900,1443958
2021-07-29,69.4200,70.6000,69.0800,70.1300,429899
2021-07-28,67.9200,70.2700,67.4600,69.2700,420536
2021-07-27,67.6200,69.1400,67.6200,68.3500,316836
2021-07-26,68.2500,69.2900,68.1500,68.5000,259591
2021-07-23,68.2400,68.4550,67.6050,68.3500,263223
2021-07-22,68.7300,69.0600,66.7600,67.5500,330822
2021-07-21,68.7900,69.8800,68.7300,68.8000,388597
2021-07-20,67.2800,69.8800,67.2800,68.2200,660255
2021-07-19,68.2300,68.6600,66.7650,67.1900,369322
2021-07-16,71.2100,71.2450,69.3100,69.4300,386309
2021-07-15,69.4200,71.2100,69.4000,70.9200,301735
2021-07-14,70.4600,71.0700,69.4700,70.1900,282373
2021-07-13,71.4800,71.5700,70.1200,70.4200,275867
2021-07-12,70.9100,71.9400,70.2400,71.8200,245858
2021-07-09,70.6800,71.9200,70.1300,71.8700,623712
2021-07-08,69.4500,70.0700,68.1500,69.4400,454702
2021-07-07,69.7500,70.7200,69.5600,70.0500,382531
2021-07-06,71.7100,71.7100,69.7500,70.2500,535685
2021-07-02,72.5600,72.5600,71.8800,72.1700,223834
2021-07-01,72.2800,72.9700,71.9700,72.5600,306837
2021-06-30,71.6200,72.2750,71.4600,71.8000,288212
2021-06-29,72.6800,73.3200,71.4800,71.8600,396348
2021-06-28,73.6800,73.6800,71.8000,72.1400,390614
2021-06-25,72.6300,74.4300,72.4400,73.9400,602674
2021-06-24,71.5000,72.7000,70.8700,72.6300,427227
2021-06-23,72.2200,72.3600,71.4000,71.4000,331685
2021-06-22,72.0600,72.4600,70.7900,71.9800,236402
2021-06-21,70.6400,72.3550,70.6400,72.1900,463253
2021-06-18,71.9800,72.1800,69.8300,69.8600,982072
2021-06-17,76.4900,76.4900,72.3000,72.4000,342560
2021-06-16,75.1100,76.6500,74.7600,76.0300,312296
2021-06-15,74.4000,76.1200,73.7000,75.6400,351317
2021-06-14,74.7500,75.1600,73.5400,74.1400,489227
2021-06-11,75.2600,75.7000,74.5100,75.0000,328947
2021-06-10,76.6400,76.6400,74.8600,74.8600,395300
2021-06-09,76.7400,76.7400,75.2900,75.6800,335398
2021-06-08,76.1700,77.0450,75.3600,76.7900,328918
2021-06-07,77.1100,77.2800,75.7200,76.7100,399202
2021-06-04,76.8900,77.0900,76.2400,76.7800,350130
2021-06-03,76.0900,77.2900,75.9050,77.2000,558336
2021-06-02,76.4800,76.5600,75.7100,76.1800,477212
2021-06-01,75.7800,76.6700,75.4400,76.4000,418420
2021-05-28,74.5000,75.3800,73.7800,75.2500,380933
2021-05-27,74.1400,74.6900,73.9350,74.3700,339631
2021-05-26,72.7300,73.7250,72.4200,73.4700,232966
2021-05-25,74.9700,75.2500,72.7550,72.8200,502905
