timestamp,open,high,low,close,volume
2021-10-14,41.6500,41.8500,41.2500,41.6000,81551
2021-10-13,41.8200,41.8200,40.9000,41.3400,58311
2021-10-12,42.0000,42.5000,41.7100,41.9100,104804
2021-10-11,42.5000,42.7700,41.9800,42.0600,100309
2021-10-08,42.5800,42.7800,42.1800,42.3800,79715
2021-10-07,42.0800,42.3800,42.0200,42.3300,107250
2021-10-06,41.1600,41.8400,40.6350,41.8000,78047
2021-10-05,41.2300,41.6800,40.8800,41.4900,117002
2021-10-04,41.4200,41.6900,40.7700,41.0900,115854
2021-10-01,40.7700,41.7800,40.6400,41.4000,147294
2021-09-30,40.3900,40.8100,39.9100,40.4800,166222
2021-09-29,39.5000,40.1600,39.2500,40.0300,92391
2021-09-28,39.9100,39.9487,38.9800,39.2800,100836
2021-09-27,38.8600,40.1000,38.8150,39.5900,132371
2021-09-24,38.0600,38.8400,38.0600,38.5100,75326
2021-09-23,37.3400,38.5400,37.0700,38.1000,109657
2021-09-22,36.7900,37.4600,36.7900,37.0300,119340
2021-09-21,36.4200,36.7800,36.0000,36.4000,164620
2021-09-20,35.7000,36.3400,35.3900,36.1800,203867
2021-09-17,34.8800,36.0190,34.8800,35.9800,516343
2021-09-16,35.2000,35.3900,34.6950,34.9000,115791
2021-09-15,34.8800,35.3800,34.8150,35.2200,135538
2021-09-14,36.1900,36.1900,34.8800,34.9600,146119
2021-09-13,36.1300,36.2500,35.6400,36.1600,103635
2021-09-10,36.4100,36.8899,35.8400,35.9300,99796
2021-09-09,36.1700,36.7400,36.0100,36.2500,129426
2021-09-08,36.6100,36.7200,36.1900,36.3900,88032
2021-09-07,37.1500,37.4500,36.8400,36.8600,88351
2021-09-03,37.1500,37.2800,36.8200,37.2300,78053
2021-09-02,37.4400,37.6150,37.2100,37.2300,94655
2021-09-01,37.4300,37.4300,36.9100,37.3000,84279
2021-08-31,37.0400,37.6500,36.9900,37.5000,163434
2021-08-30,37.8500,37.8500,37.0600,37.0800,106563
2021-08-27,36.7700,37.9100,36.7700,37.8100,84880
2021-08-26,37.1800,37.1800,36.7400,36.7500,88746
2021-08-25,37.3300,37.6500,37.2400,37.2900,106470
2021-08-24,37.3200,37.4600,37.1500,37.2300,70804
2021-08-23,37.1100,37.4000,36.9500,37.2300,69951
2021-08-20,36.0800,37.0200,36.0800,37.0000,92188
2021-08-19,35.9300,36.2000,35.7500,36.1800,128311
2021-08-18,36.5700,37.0400,36.2800,36.3100,114620
2021-08-17,36.7300,37.0700,36.4200,36.6000,193738
2021-08-16,36.6900,37.1300,36.3600,36.9500,83308
2021-08-13,36.9000,37.1900,36.6950,37.0500,121432
2021-08-12,37.4100,37.4100,36.8300,36.8500,69696
2021-08-11,36.9300,37.4000,36.5900,37.3800,85337
2021-08-10,36.2700,36.8739,36.1800,36.7900,56808
2021-08-09,36.3650,36.7100,35.8200,36.4100,109510
2021-08-06,35.9300,36.6850,35.4800,36.4600,78311
2021-08-05,35.0000,35.3600,34.8600,35.3300,84504
2021-08-04,35.0200,35.1900,34.6700,34.7100,291475
2021-08-03,35.4200,35.6100,34.8500,35.5900,138751
2021-08-02,35.5000,36.3200,35.0000,35.2000,135976
2021-07-30,36.0300,36.2100,35.4400,35.4600,111122
2021-07-29,35.8300,36.4000,35.6300,36.0000,80898
2021-07-28,35.1800,36.1150,35.1800,35.6700,145457
2021-07-27,34.7600,35.6100,34.7600,35.4000,120290
2021-07-26,35.5800,36.0400,35.5800,35.8100,128493
2021-07-23,35.4900,35.6000,35.2500,35.4300,83465
2021-07-22,35.6100,35.6100,34.8500,35.0700,94421
2021-07-21,35.7200,36.1200,35.6100,35.9300,121438
2021-07-20,34.3300,35.7900,34.3300,35.3100,238993
2021-07-19,34.6200,34.9500,34.1100,34.3300,173390
2021-07-16,36.3400,36.3400,35.3750,35.5000,116362
2021-07-15,35.4800,36.1000,35.3150,35.9900,98858
2021-07-14,36.0500,36.2800,35.5100,35.7400,73400
2021-07-13,36.8600,37.1800,35.8900,35.9000,115517
2021-07-12,36.4900,37.0700,36.3100,37.0500,123905
2021-07-09,36.1500,36.7200,35.9600,36.6900,117003
2021-07-08,35.2900,35.8600,34.8800,35.4700,109268
2021-07-07,36.1800,36.7900,35.6700,35.9000,135858
2021-07-06,37.1000,37.1000,36.0250,36.6000,194102
2021-07-02,37.3900,37.6900,36.8500,37.1000,138249
2021-07-01,38.0500,38.1600,37.5200,37.6900,159817
2021-06-30,37.4200,38.1000,37.1600,37.7400,243982
2021-06-29,36.9200,36.9200,36.3100,36.3400,61618
2021-06-28,37.6200,37.6200,36.4400,36.5600,104662
2021-06-25,38.0400,38.2600,37.7050,37.7700,462414
2021-06-24,37.6600,37.9950,37.2500,37.8900,104735
2021-06-23,37.4100,37.8100,37.1200,37.3700,137409
2021-06-22,37.2800,37.5700,36.6900,37.4100,74346
2021-06-21,37.0200,37.7300,37.0200,37.5100,203755
2021-06-18,37.9300,37.9900,36.4600,36.5400,387201
2021-06-17,40.1000,40.2300,38.2400,38.3000,216478
2021-06-16,39.3600,40.1500,39.1000,39.9500,102592
2021-06-15,39.4600,40.0500,39.1900,39.4800,100500
2021-06-14,39.6000,39.7800,38.9600,39.2800,112991
2021-06-11,39.6200,40.0700,39.2300,39.4200,105711
2021-06-10,40.3400,40.3400,39.5300,39.5500,203909
2021-06-09,39.6800,40.4400,39.3900,39.8000,115430
2021-06-08,39.5300,40.0900,39.2600,39.9700,78421
2021-06-07,39.8800,40.1200,39.4100,39.6500,71942
2021-06-04,39.7500,40.0200,39.2400,39.5700,138787
2021-06-03,39.6000,40.1700,39.3100,39.9100,128748
2021-06-02,40.5000,40.5000,39.3800,39.4600,89206
2021-06-01,39.7100,40.4700,39.6100,40.2900,472285
2021-05-28,39.6900,39.6950,39.0300,39.6000,85226
2021-05-27,39.9000,40.1300,39.5500,39.7000,222334
2021-05-26,39.6500,39.9000,39.5000,39.7800,131115
2021-05-25,40.4900,40.6250,39.5200,39.5400,288686
