timestamp,open,high,low,close,volume
2021-10-14,82.2900,82.8600,81.6700,82.8300,74286
2021-10-13,81.6800,82.1500,80.6400,81.6900,141994
2021-10-12,81.6600,81.8600,81.0450,81.7600,132530
2021-10-11,83.3800,83.4100,81.9300,81.9900,132475
2021-10-08,83.1800,83.3100,82.4900,83.0000,137019
2021-10-07,82.4400,83.4100,82.4400,83.0000,131761
2021-10-06,81.8300,81.9400,80.4300,81.9300,133489
2021-10-05,83.7500,83.7500,82.2400,82.4200,128268
2021-10-04,83.2300,84.1500,82.2100,82.9700,181371
2021-10-01,82.1900,83.9100,82.0250,83.2500,181784
2021-09-30,84.0400,84.5000,82.0400,82.1700,159405
2021-09-29,83.7500,84.4100,83.2200,83.7100,185073
2021-09-28,84.5500,84.8780,83.6000,83.8100,164153
2021-09-27,82.4700,84.8900,82.4700,84.1900,223569
2021-09-24,81.3000,82.4000,81.2700,81.5500,182129
2021-09-23,79.7300,81.8860,79.7300,81.2500,185137
2021-09-22,78.5500,79.7200,78.4400,79.1400,118471
2021-09-21,77.9100,78.4800,77.1300,77.8400,146574
2021-09-20,76.0000,77.5500,75.6800,77.4300,238635
2021-09-17,77.3200,78.5700,77.3200,77.8200,511728
2021-09-16,78.2900,78.6300,76.9800,77.3000,175183
2021-09-15,76.9600,78.4600,76.9600,77.7800,235810
2021-09-14,78.8200,78.8200,76.6600,77.1500,257728
2021-09-13,79.1200,79.2900,77.9900,78.6300,198381
2021-09-10,80.3500,80.6650,78.4000,78.4400,171950
2021-09-09,79.9500,81.0900,79.9400,80.1300,135545
2021-09-08,80.5000,81.0681,79.7983,80.3300,123732
2021-09-07,81.7000,82.6400,80.6900,80.8200,176958
2021-09-03,82.2600,82.6850,81.5200,81.7400,101489
2021-09-02,82.4300,82.9750,82.0000,82.3900,147843
2021-09-01,83.8100,83.8100,82.1150,82.5600,139371
2021-08-31,83.5100,84.2300,82.8000,83.8100,177016
2021-08-30,84.7900,84.7900,83.1600,83.1800,199716
2021-08-27,84.0400,85.4600,84.0400,85.4100,288835
2021-08-26,85.1600,85.1600,83.4500,83.5100,136248
2021-08-25,85.0100,86.1600,84.7100,84.9500,153406
2021-08-24,85.0800,85.4000,84.5900,85.0600,164233
2021-08-23,85.4400,85.9800,84.6800,84.9500,237706
2021-08-20,83.1800,85.0000,83.1800,84.9900,92871
2021-08-19,82.5800,83.7600,82.4100,83.1700,134923
2021-08-18,84.5400,84.9800,83.4000,83.4000,133476
2021-08-17,84.5700,85.3500,83.7900,84.9600,161158
2021-08-16,85.1600,85.7100,84.3600,85.2700,130377
2021-08-13,86.3000,86.3000,85.2650,85.8400,128892
2021-08-12,86.7600,87.1200,85.7700,86.6000,122840
2021-08-11,85.6900,87.0400,84.8450,87.0200,156011
2021-08-10,84.5000,85.9100,84.1500,85.3900,102295
2021-08-09,84.9400,85.9400,84.5400,84.7500,158543
2021-08-06,84.7500,86.0500,84.3650,85.5500,162439
2021-08-05,83.4400,83.9200,82.9900,83.4700,174083
2021-08-04,82.7600,84.0000,82.5900,82.6400,146817
2021-08-03,82.9300,83.9000,81.7800,83.8400,230355
2021-08-02,84.2400,86.0300,82.9000,82.9300,214613
2021-07-30,84.1000,85.6000,83.4700,83.7100,224697
2021-07-29,85.3700,85.7900,84.0401,84.9000,156694
2021-07-28,83.9900,85.1950,83.0700,84.2700,194978
2021-07-27,82.6600,84.6500,82.3200,83.8500,245342
2021-07-26,83.0600,84.1100,82.3700,83.2400,314069
2021-07-23,81.7800,82.1800,80.7200,82.1300,208462
2021-07-22,82.8600,82.8600,80.7100,80.9300,199001
2021-07-21,83.3500,84.4230,82.7100,83.2700,178858
2021-07-20,81.0700,84.1200,81.0600,82.4400,400500
2021-07-19,82.7600,83.5100,80.5000,80.9900,352317
2021-07-16,87.1000,87.1000,84.3800,84.5200,253562
2021-07-15,84.6900,86.6500,84.4450,86.3800,224537
2021-07-14,85.1200,85.6600,84.1200,85.4400,208994
2021-07-13,85.0000,85.1400,83.9700,84.8500,198460
2021-07-12,84.0700,85.7400,83.3850,85.4800,266161
2021-07-09,82.6900,85.5700,82.6500,85.3700,434492
2021-07-08,80.8900,81.9500,80.1100,81.3800,271896
2021-07-07,81.6100,82.8100,81.5100,82.0900,185966
2021-07-06,83.5000,83.5300,82.0500,82.3200,264906
2021-07-02,84.4600,84.5900,83.5000,83.9400,150735
2021-07-01,84.7900,85.2550,83.9300,84.9000,201338
2021-06-30,83.6100,84.6400,83.5800,84.2200,252461
2021-06-29,85.2700,85.7500,83.5500,83.9000,163084
2021-06-28,86.8400,87.0000,84.0300,84.4300,184114
2021-06-25,86.2400,87.9300,85.9800,87.4300,419334
2021-06-24,84.7000,86.0400,84.0042,85.9300,246844
2021-06-23,84.6200,84.9813,84.2600,84.3500,133410
2021-06-22,84.6000,84.6500,82.9450,84.2600,200470
2021-06-21,82.0900,85.0000,82.0900,84.8600,249115
2021-06-18,83.5000,83.7450,81.2300,81.3200,529731
2021-06-17,89.3900,89.3900,84.2700,84.3900,266802
2021-06-16,87.6000,89.3300,86.7600,88.8300,193343
2021-06-15,86.8300,88.9900,86.7500,88.0800,179954
2021-06-14,89.2500,89.5250,86.4150,86.7000,339808
2021-06-11,88.5100,89.4451,87.9200,88.9000,194595
2021-06-10,90.0000,90.0000,88.1700,88.2200,218930
2021-06-09,88.5000,89.3400,87.9150,88.8500,287744
2021-06-08,88.0900,89.5700,87.4100,89.3100,229101
2021-06-07,88.7100,88.9800,88.1600,88.8000,203847
2021-06-04,88.3000,88.8200,87.5500,88.5300,147527
2021-06-03,88.4200,89.2800,87.9900,88.8100,201873
2021-06-02,90.1300,90.1300,88.3400,88.4600,171541
2021-06-01,90.1900,90.8400,89.5200,89.7500,184138
2021-05-28,88.7800,89.8600,87.8500,89.7400,219804
2021-05-27,89.7800,90.0200,88.8450,89.0000,196262
2021-05-26,88.6900,89.7000,88.3300,89.2900,1068491
2021-05-25,90.2000,90.4200,88.4800,88.6800,398008
