timestamp,open,high,low,close,volume
2021-10-14,22.9900,23.2400,22.7500,23.2100,8952880
2021-10-13,22.6900,22.8250,22.1600,22.6800,7651850
2021-10-12,22.7600,23.0100,22.6450,22.8500,6940246
2021-10-11,23.1500,23.2900,22.8250,22.8500,5679949
2021-10-08,22.6400,23.0700,22.5850,22.9700,12401680
2021-10-07,22.8100,22.9950,22.5100,22.7000,10087853
2021-10-06,22.5000,22.6700,22.1300,22.6300,7767245
2021-10-05,22.6200,22.8850,22.3750,22.7000,7023534
2021-10-04,22.3700,22.8300,22.2850,22.4100,8231632
2021-10-01,21.8100,22.4950,21.7800,22.3400,9436052
2021-09-30,22.1000,22.1800,21.6200,21.6200,7711532
2021-09-29,21.8200,22.0700,21.6596,21.9900,6013074
2021-09-28,21.9800,22.1050,21.7000,21.7500,8352403
2021-09-27,21.4600,21.9250,21.3900,21.8200,8736043
2021-09-24,21.0100,21.3400,20.9700,21.1400,5767032
2021-09-23,20.5800,21.1400,20.4900,20.9700,8767177
2021-09-22,20.2500,20.5300,20.1750,20.3100,7159883
2021-09-21,20.2100,20.2500,19.8000,19.9300,8320217
2021-09-20,20.1500,20.1900,19.6800,20.0600,12057357
2021-09-17,20.9100,21.1800,20.6840,20.7600,14040373
2021-09-16,20.9300,21.2200,20.8500,20.8900,9390785
2021-09-15,20.7200,21.1400,20.6950,21.0000,11208271
2021-09-14,20.7600,20.9350,20.4600,20.6000,13302456
2021-09-13,20.1300,20.7600,20.0200,20.7200,13308190
2021-09-10,20.1000,20.1550,19.8400,19.8700,6624990
2021-09-09,19.7000,20.1600,19.6100,19.9700,4872717
2021-09-08,19.9400,20.0600,19.7000,19.7400,5085779
2021-09-07,20.1100,20.3900,20.0300,20.0400,5955742
2021-09-03,20.1300,21.1100,19.9000,20.0500,6050092
2021-09-02,19.9900,20.3200,19.9250,20.1200,5525614
2021-09-01,20.3400,20.3650,19.9200,20.0100,6946096
2021-08-31,20.2100,20.4763,20.1200,20.3200,6984683
2021-08-30,20.7200,20.7500,20.1600,20.1700,4268177
2021-08-27,20.5100,20.9350,20.4800,20.8900,4688418
2021-08-26,20.9400,20.9400,20.4150,20.5100,5157568
2021-08-25,20.5000,20.9800,20.3948,20.8500,4973078
2021-08-24,20.2400,20.4800,20.1800,20.4100,4603296
2021-08-23,20.0900,20.2700,20.0250,20.1600,4427956
2021-08-20,19.6800,19.9200,19.5900,19.9100,6085956
2021-08-19,19.7800,19.9800,19.5700,19.7400,5763447
2021-08-18,20.0900,20.4200,19.9900,20.0200,5857898
2021-08-17,20.2900,20.4600,19.9150,20.2100,5611391
2021-08-16,20.4500,20.6400,20.2199,20.5200,6031192
2021-08-13,20.9500,20.9900,20.5800,20.6800,5760063
2021-08-12,20.8400,20.9300,20.6200,20.8300,5305162
2021-08-11,20.6200,20.9150,20.3800,20.8800,6823514
2021-08-10,20.1650,20.6800,20.0800,20.5800,7416593
2021-08-09,20.1900,20.4650,19.9950,20.2000,6129341
2021-08-06,20.2000,20.5600,20.1600,20.3300,6153578
2021-08-05,19.7700,19.9900,19.7600,19.9000,5549768
2021-08-04,19.6700,20.1000,19.5900,19.6300,7512614
2021-08-03,19.6900,20.0700,19.2950,20.0100,7653357
2021-08-02,19.7500,20.3050,19.5300,19.5400,7933847
2021-07-30,19.7500,20.0650,19.5500,19.6600,8863156
2021-07-29,19.8200,20.0600,19.6300,19.8700,9999180
2021-07-28,19.4800,19.8100,19.2100,19.5900,9908297
2021-07-27,19.1100,19.5400,18.9900,19.3600,7250616
2021-07-26,19.1600,19.5300,19.1600,19.3500,7462008
2021-07-23,19.2500,19.5300,19.0100,19.1000,7375161
2021-07-22,19.3200,19.3400,18.8750,19.0000,7286273
2021-07-21,19.3200,19.6600,19.3010,19.4100,11760491
2021-07-20,17.9600,19.3950,17.9000,19.1000,12614859
2021-07-19,18.8500,19.0100,18.3500,18.4900,14321061
2021-07-16,20.3000,20.3400,19.2950,19.3500,8612320
2021-07-15,19.8000,20.3300,19.7000,20.1600,6798876
2021-07-14,20.1100,20.3950,19.6750,19.9900,7470504
2021-07-13,20.4300,20.4300,19.9150,20.0700,5350278
2021-07-12,19.8800,20.4800,19.7000,20.4200,6110147
2021-07-09,19.8800,20.2100,19.6900,20.1700,7741078
2021-07-08,19.4700,19.7350,19.2500,19.4000,8974011
2021-07-07,19.8400,20.1700,19.7800,19.9100,7750317
2021-07-06,20.6400,20.6500,20.0100,20.0600,8271860
2021-07-02,20.8800,20.9100,20.6100,20.7200,4786558
2021-07-01,20.8400,20.9700,20.6600,20.8900,6113855
2021-06-30,20.4900,20.7600,20.4400,20.6500,5819649
2021-06-29,20.8200,20.9800,20.4000,20.5200,7832395
2021-06-28,21.1400,21.1400,20.5450,20.6700,8846851
2021-06-25,21.0100,21.3100,20.8850,21.2600,7307197
2021-06-24,20.6900,21.0200,20.5300,20.9400,9626211
2021-06-23,20.6700,20.8200,20.5900,20.6000,6711540
2021-06-22,20.5800,20.7200,20.2900,20.5600,7639435
2021-06-21,20.1400,20.6100,20.0800,20.5900,5340081
2021-06-18,20.0500,20.2850,19.7800,19.9300,14814175
2021-06-17,22.0500,22.1300,20.4600,20.5100,8093075
2021-06-16,21.5400,21.9650,21.2450,21.8600,8370309
2021-06-15,21.5400,21.8900,21.4350,21.7000,5561051
2021-06-14,21.9100,21.9600,21.3200,21.5300,6252351
2021-06-11,21.8000,22.0908,21.7792,21.9400,5375478
2021-06-10,22.6300,22.6600,21.7600,21.7600,5055464
2021-06-09,22.4900,22.5300,22.1900,22.2600,4466486
2021-06-08,22.5500,22.8350,22.2800,22.7400,6772205
2021-06-07,22.8100,22.8800,22.6600,22.7400,5325524
2021-06-04,22.9700,22.9700,22.5050,22.7300,4688526
2021-06-03,22.9050,23.2300,22.8600,23.0000,6518174
2021-06-02,23.1500,23.1500,22.7800,22.9600,6014210
2021-06-01,23.2800,23.3950,23.0600,23.1400,5603481
2021-05-28,23.1100,23.1300,22.6950,23.0400,5004421
2021-05-27,23.2200,23.3300,23.0650,23.2700,7545441
2021-05-26,22.7200,22.9700,22.5900,22.9100,4989816
2021-05-25,23.0900,23.4500,22.6300,22.6700,5525341
