timestamp,open,high,low,close,volume
2021-10-14,20.2400,20.2950,19.1200,19.6000,745855
2021-10-13,20.1100,20.1100,19.6500,19.9900,346955
2021-10-12,20.1900,20.5600,19.9300,20.1600,577433
2021-10-11,19.7100,20.2200,19.6000,20.1900,649168
2021-10-08,19.6500,19.8900,19.4963,19.6300,155624
2021-10-07,19.4800,19.6600,19.4610,19.6500,132634
2021-10-06,19.3100,19.3900,18.8300,19.3600,131482
2021-10-05,19.7500,20.0000,19.4300,19.5100,380438
2021-10-04,18.9900,19.6500,18.9900,19.6100,274646
2021-10-01,18.5500,19.3400,18.2300,19.1900,286893
2021-09-30,18.7900,18.9400,18.4800,18.4900,157647
2021-09-29,18.7300,18.8800,18.4800,18.8300,121414
2021-09-28,19.1900,19.2100,18.5900,18.6200,162977
2021-09-27,18.8900,19.3600,18.8900,19.0700,248419
2021-09-24,18.4900,18.8800,18.4900,18.7000,241829
2021-09-23,18.0000,18.7700,17.9900,18.6200,220207
2021-09-22,17.5800,18.0800,17.5500,17.8700,208780
2021-09-21,17.4600,17.6200,17.3000,17.3400,199578
2021-09-20,17.4200,17.6300,17.0700,17.4300,270247
2021-09-17,17.5900,17.8750,17.5000,17.8500,796837
2021-09-16,17.1900,17.5600,17.1150,17.5200,277137
2021-09-15,16.8000,17.1100,16.7900,17.0700,201889
2021-09-14,17.3900,17.3900,16.7225,16.8200,203848
2021-09-13,17.4600,17.5200,17.2100,17.3700,196566
2021-09-10,17.6700,17.6700,17.1300,17.2600,183202
2021-09-09,17.4100,17.6600,17.2900,17.5000,354434
2021-09-08,17.4500,17.5100,17.3500,17.4800,184054
2021-09-07,17.7600,17.9800,17.5400,17.5400,121043
2021-09-03,17.8000,17.8800,17.5100,17.7600,119447
2021-09-02,17.7800,17.9700,17.7100,17.8100,129689
2021-09-01,17.9800,18.0550,17.5800,17.7500,109163
2021-08-31,17.7700,18.0100,17.7300,17.9700,199134
2021-08-30,18.2900,18.2900,17.7500,17.8000,158256
2021-08-27,17.5400,18.3000,17.5400,18.2400,273361
2021-08-26,17.9900,18.0000,17.5700,17.5700,111456
2021-08-25,18.0200,18.2000,17.9100,17.9300,156590
2021-08-24,18.0200,18.2400,17.8300,18.0300,174398
2021-08-23,17.8900,18.0900,17.7000,18.0500,167148
2021-08-20,17.3200,17.7700,17.2950,17.7400,256743
2021-08-19,17.4300,17.6600,17.1300,17.3900,140231
2021-08-18,17.6900,18.1000,17.6000,17.6200,193150
2021-08-17,17.8300,18.0500,17.6300,17.8100,254546
2021-08-16,17.8700,18.1590,17.5000,18.0400,135272
2021-08-13,18.1500,18.1500,17.9650,18.0500,99823
2021-08-12,18.3800,18.5000,18.0700,18.2300,123996
2021-08-11,17.9600,18.4000,17.8234,18.3800,141081
2021-08-10,17.4100,17.9600,17.2215,17.9400,171587
2021-08-09,17.8400,17.8400,17.4600,17.4700,119562
2021-08-06,17.5600,17.9300,17.3900,17.8400,195132
2021-08-05,17.0600,17.2400,17.0500,17.2000,209378
2021-08-04,16.9500,17.1850,16.8900,16.9200,190117
2021-08-03,16.9300,17.2600,16.6700,17.2500,239014
2021-08-02,17.1400,17.6200,16.8200,16.9000,207037
2021-07-30,17.2700,17.6200,17.0900,17.1200,233375
2021-07-29,17.4700,17.4700,17.1600,17.3500,183153
2021-07-28,17.5400,17.6600,17.0500,17.2900,214669
2021-07-27,17.6800,17.8500,17.3400,17.4100,245471
2021-07-26,17.4000,17.8400,17.3500,17.8300,386934
2021-07-23,17.6900,17.7000,17.1000,17.3600,394078
2021-07-22,17.7100,17.7100,16.8200,16.9400,405061
2021-07-21,16.4900,16.8500,16.4500,16.5000,160362
2021-07-20,15.6200,16.6900,15.4000,16.2400,384733
2021-07-19,15.7600,15.9500,15.5100,15.6400,318819
2021-07-16,16.7700,16.9500,16.1900,16.2000,182382
2021-07-15,16.2200,16.7800,16.1500,16.5700,313824
2021-07-14,16.5700,16.8300,16.2600,16.3600,214280
2021-07-13,16.9500,16.9500,16.5300,16.5500,240348
2021-07-12,16.8200,17.2100,16.7000,17.0400,194777
2021-07-09,16.8000,17.0100,16.6400,17.0100,284051
2021-07-08,16.1900,16.5700,16.0700,16.4300,382254
2021-07-07,16.7400,16.9900,16.5400,16.7000,274005
2021-07-06,17.3300,17.3300,16.7200,16.9000,286428
2021-07-02,17.5800,17.5800,17.3500,17.3900,231065
2021-07-01,17.7200,17.7200,17.4901,17.6100,160257
2021-06-30,17.1800,17.5800,17.1701,17.5400,384987
2021-06-29,17.3400,17.6100,17.2500,17.3200,161468
2021-06-28,17.5900,17.5900,17.1400,17.3000,308390
2021-06-25,17.5200,17.7700,17.4100,17.6800,692034
2021-06-24,17.5400,17.6800,17.2300,17.4400,217429
2021-06-23,17.4100,17.6400,17.3300,17.4400,193987
2021-06-22,17.3000,17.4000,17.0100,17.3600,254626
2021-06-21,17.0700,17.4100,17.0400,17.2800,353937
2021-06-18,17.3000,17.3900,16.8500,16.9200,1002389
2021-06-17,18.3200,18.4800,17.4600,17.5000,344637
2021-06-16,17.9600,18.3700,17.7600,18.3000,225697
2021-06-15,17.9500,18.1900,17.8100,18.0600,171843
2021-06-14,18.3200,18.4000,17.9000,17.9800,271119
2021-06-11,18.3200,18.5200,18.3200,18.3600,187360
2021-06-10,18.5200,18.5600,18.2000,18.2500,313468
2021-06-09,18.2400,18.3400,18.1100,18.2500,276071
2021-06-08,18.0700,18.4400,18.0100,18.3800,361177
2021-06-07,18.1100,18.3100,18.0600,18.2200,606366
2021-06-04,18.0500,18.0600,17.7200,18.0500,293472
2021-06-03,17.6200,18.0900,17.4600,18.0000,368547
2021-06-02,17.7400,17.7900,17.5500,17.6500,433640
2021-06-01,17.7000,17.8800,17.5600,17.6700,230083
2021-05-28,17.5400,17.5600,17.2700,17.5100,212453
2021-05-27,17.6000,17.7700,17.4200,17.5200,334106
2021-05-26,17.2100,17.4200,17.0900,17.3700,152669
2021-05-25,17.7000,17.9700,17.1800,17.2000,283157
