timestamp,open,high,low,close,volume
2021-10-14,21.8100,21.9100,21.5700,21.9100,760354
2021-10-13,21.8500,21.9200,21.2750,21.5300,1084853
2021-10-12,21.8500,22.0550,21.7700,21.9300,591148
2021-10-11,22.4900,22.5250,21.9600,21.9700,865579
2021-10-08,22.2000,22.4800,22.1700,22.2400,778534
2021-10-07,22.3300,22.3900,22.1400,22.2700,677058
2021-10-06,21.9700,22.1100,21.5700,22.0900,819729
2021-10-05,22.4400,22.4650,22.0800,22.1600,686895
2021-10-04,22.1100,22.4100,21.9050,22.2300,1176170
2021-10-01,21.5200,22.1300,21.4600,21.9800,1332386
2021-09-30,21.9500,21.9500,21.4200,21.4200,865751
2021-09-29,21.6700,21.8900,21.5100,21.7600,793990
2021-09-28,21.9800,22.0600,21.5600,21.6100,1424162
2021-09-27,21.5000,22.0450,21.4600,21.8500,1718846
2021-09-24,20.8500,21.3050,20.8450,21.1500,1444200
2021-09-23,20.2400,21.0000,20.2200,20.8600,1081730
2021-09-22,19.9800,20.2600,19.8700,20.0600,1111780
2021-09-21,19.9000,19.9700,19.5650,19.6700,1101786
2021-09-20,19.7400,19.9600,19.3600,19.7900,1596696
2021-09-17,20.5100,20.6900,20.1900,20.2800,3751015
2021-09-16,20.9100,21.0000,20.4400,20.4500,1237931
2021-09-15,20.4600,20.8500,20.4600,20.7300,1513704
2021-09-14,21.1400,21.1550,20.3700,20.4700,1327123
2021-09-13,20.9400,21.1450,20.7400,20.9000,1737961
2021-09-10,20.2500,20.8400,20.2150,20.7000,2361621
2021-09-09,19.7700,20.2900,19.7200,20.1100,1366301
2021-09-08,20.0700,20.2300,19.7800,19.8200,1079459
2021-09-07,20.2800,20.5450,20.2100,20.2200,1103852
2021-09-03,20.2700,20.3700,20.0900,20.2300,891154
2021-09-02,20.3600,20.5100,20.1600,20.2300,1500969
2021-09-01,20.6200,20.6850,20.1850,20.4200,1152698
2021-08-31,20.3500,20.7150,20.3400,20.6200,1722559
2021-08-30,21.1900,21.1900,20.5200,20.5200,834389
2021-08-27,20.5600,21.1800,20.5600,21.1300,1310660
2021-08-26,21.0100,21.0888,20.5400,20.5400,1200277
2021-08-25,20.9600,21.2400,20.8000,20.9700,954840
2021-08-24,20.7400,20.9400,20.7200,20.8200,954306
2021-08-23,20.8600,21.0200,20.7300,20.7400,1107052
2021-08-20,20.3900,20.7900,20.3100,20.7400,1053033
2021-08-19,20.4500,20.7600,20.2899,20.4400,1161975
2021-08-18,20.7200,21.0500,20.5500,20.7400,1110638
2021-08-17,20.8200,21.0600,20.5300,20.7800,1324371
2021-08-16,20.8800,21.2200,20.7100,21.0500,1370799
2021-08-13,21.2100,21.2100,20.8500,21.0400,793027
2021-08-12,21.3000,21.3800,21.0250,21.2100,1099148
2021-08-11,21.0000,21.3200,20.6550,21.3100,1311300
2021-08-10,20.5900,21.0600,20.5550,20.9800,1217728
2021-08-09,20.5700,20.9050,20.3600,20.6600,1734251
2021-08-06,20.6000,20.9400,20.5350,20.7200,1504629
2021-08-05,20.0400,20.2550,19.9550,20.2000,1226905
2021-08-04,19.6500,20.1200,19.5800,19.8400,1315884
2021-08-03,19.7200,20.1050,19.3700,20.0100,1493227
2021-08-02,19.9200,20.4400,19.6400,19.6500,1562304
2021-07-30,19.8100,20.1400,19.7600,19.8000,1660935
2021-07-29,19.8050,20.0700,19.6000,19.9300,1772642
2021-07-28,19.6500,19.7700,19.1700,19.6000,1594058
2021-07-27,19.1050,19.4750,18.9800,19.3100,1020824
2021-07-26,19.5800,19.8100,19.2500,19.3800,1135074
2021-07-23,19.1000,19.5200,19.0900,19.4300,1585832
2021-07-22,19.3400,19.4100,18.8300,18.8300,1332084
2021-07-21,19.3200,19.6450,19.1900,19.4300,1479540
2021-07-20,18.4500,19.5000,18.4000,19.0800,2339258
2021-07-19,18.8600,19.0500,18.3950,18.5600,1768882
2021-07-16,20.1300,20.1300,19.2950,19.4100,1269892
2021-07-15,19.6100,20.0800,19.4900,19.9500,1244749
2021-07-14,19.7400,20.1500,19.4050,19.7500,1329207
2021-07-13,20.0700,20.1700,19.6400,19.7500,1868561
2021-07-12,19.7100,20.2600,19.5300,20.2100,1467997
2021-07-09,19.9100,20.1900,19.7950,20.1500,1354564
2021-07-08,19.3900,19.6850,19.1800,19.4200,1372271
2021-07-07,19.6100,19.9800,19.6100,19.7600,1097752
2021-07-06,20.2900,20.4000,19.6600,19.8700,2724258
2021-07-02,20.5600,20.6100,20.3300,20.4200,1041633
2021-07-01,20.6700,20.7800,20.4700,20.6600,1742680
2021-06-30,20.3700,20.6300,20.3400,20.4800,1174383
2021-06-29,20.7500,20.9125,20.3100,20.4800,1690779
2021-06-28,21.3100,21.3600,20.5150,20.5700,2211090
2021-06-25,21.5000,21.8000,21.3550,21.5200,19851542
2021-06-24,21.2500,21.5550,21.0500,21.4700,1598435
2021-06-23,21.2900,21.4300,21.1200,21.1300,1541242
2021-06-22,21.2300,21.3850,20.9900,21.1800,1543158
2021-06-21,20.6600,21.3300,20.6600,21.3000,1818451
2021-06-18,20.6700,20.8600,20.3500,20.3600,4392684
2021-06-17,22.5200,22.5200,21.0500,21.0600,1780052
2021-06-16,21.9700,22.5100,21.7400,22.3500,2050097
2021-06-15,21.8700,22.3000,21.6750,22.1700,1441235
2021-06-14,22.4000,22.4500,21.6400,21.7600,1343996
2021-06-11,22.2400,22.5000,22.1600,22.2900,1026809
2021-06-10,22.8400,22.8800,22.1350,22.1400,968959
2021-06-09,22.7000,22.7200,22.4700,22.4900,858565
2021-06-08,22.7400,23.0451,22.5700,22.9600,968215
2021-06-07,22.9300,23.1550,22.8200,22.9800,1275161
2021-06-04,22.9400,23.0500,22.5050,22.8100,1347230
2021-06-03,22.9200,23.2200,22.8000,23.1300,1198711
2021-06-02,23.1600,23.2000,22.7700,22.8700,1105454
2021-06-01,23.1600,23.2900,23.0700,23.1200,1743347
2021-05-28,22.9300,23.0600,22.5950,22.9900,861645
2021-05-27,22.9100,23.1200,22.7950,23.0800,1557011
2021-05-26,22.3600,22.6050,22.1000,22.5200,1860277
2021-05-25,22.9800,23.2200,22.3000,22.3200,1487323
