timestamp,open,high,low,close,volume
2021-10-14,22.8500,22.9300,22.5600,22.6300,798694
2021-10-13,22.8200,22.8300,22.4500,22.6000,499147
2021-10-12,22.7000,23.0400,22.5300,22.8400,719014
2021-10-11,23.0500,23.0600,22.6700,22.6900,404401
2021-10-08,22.8300,22.9800,22.6300,22.8000,296680
2021-10-07,22.6800,22.9400,22.5600,22.8500,508928
2021-10-06,22.1600,22.5200,21.8900,22.4800,480135
2021-10-05,22.6700,22.6700,22.3300,22.4900,618182
2021-10-04,22.6900,22.9500,22.3600,22.4400,610886
2021-10-01,21.9700,22.8300,21.9500,22.6800,933733
2021-09-30,22.3700,22.4200,21.9300,21.9600,697861
2021-09-29,22.2000,22.3100,21.9000,22.1400,345469
2021-09-28,22.4300,22.5800,22.0200,22.1400,398516
2021-09-27,22.0200,22.5500,22.0200,22.2800,563719
2021-09-24,21.6300,22.0700,21.6300,21.7900,607199
2021-09-23,21.1700,21.9800,21.1156,21.7500,508032
2021-09-22,20.9600,21.2173,20.8500,20.9200,642085
2021-09-21,20.8400,20.9100,20.5700,20.6200,512118
2021-09-20,20.5800,20.7600,20.3000,20.7300,1013521
2021-09-17,21.2100,21.4000,20.8900,21.1900,3406420
2021-09-16,21.3100,21.3969,21.0900,21.1200,706023
2021-09-15,20.8600,21.2700,20.8600,21.1700,664070
2021-09-14,21.3000,21.3500,20.7550,20.8600,790546
2021-09-13,21.3200,21.5300,21.0200,21.2200,887820
2021-09-10,21.6000,21.6150,21.3300,21.3400,650064
2021-09-09,21.3600,21.9000,21.3600,21.4000,733173
2021-09-08,21.4300,21.6800,21.3600,21.5000,816956
2021-09-07,21.6700,22.0100,21.5530,21.6200,830266
2021-09-03,21.7300,21.7500,21.4900,21.6200,952095
2021-09-02,21.7700,21.8900,21.3700,21.6900,1265420
2021-09-01,21.5500,21.9100,21.2800,21.7600,1652950
2021-08-31,21.3900,21.7600,21.3900,21.5100,872315
2021-08-30,21.5000,21.5000,20.9200,21.0200,638560
2021-08-27,20.6600,21.4800,20.6600,21.4600,912269
2021-08-26,20.7300,20.9100,20.5900,20.6500,841508
2021-08-25,20.6500,20.9950,20.5500,20.6400,923811
2021-08-24,20.5800,20.7950,20.5300,20.5300,744219
2021-08-23,20.5900,20.7900,20.5200,20.5300,631355
2021-08-20,20.0200,20.5100,20.0200,20.4600,761329
2021-08-19,19.9000,20.3100,19.7600,20.0700,1044009
2021-08-18,19.8500,20.6100,19.7200,20.2700,933486
2021-08-17,20.0000,20.2400,19.7350,19.8400,1207213
2021-08-16,20.2100,20.5700,20.0400,20.2700,1003489
2021-08-13,20.4000,20.5600,20.2300,20.4700,454516
2021-08-12,20.7700,20.7700,20.4100,20.4100,584084
2021-08-11,20.3300,20.7300,20.0900,20.7300,604150
2021-08-10,19.7600,20.3900,19.7600,20.2900,703409
2021-08-09,19.7200,20.2800,19.5450,19.8700,509728
2021-08-06,19.5500,20.0900,19.5193,19.9200,489812
2021-08-05,18.7300,19.2100,18.7300,19.2000,641722
2021-08-04,18.7700,19.1600,18.7100,18.7200,690856
2021-08-03,19.0100,19.2300,18.6400,19.1400,732185
2021-08-02,19.1400,19.6100,18.7700,18.9900,1169354
2021-07-30,19.1900,19.4900,18.9200,19.0000,538575
2021-07-29,19.2800,19.4200,19.0800,19.1900,390583
2021-07-28,18.9100,19.3400,18.6900,19.0300,424628
2021-07-27,18.7000,18.9400,18.4500,18.9000,401741
2021-07-26,18.9500,19.2400,18.6700,18.7800,307960
2021-07-23,18.8500,19.0000,18.6200,18.8200,336871
2021-07-22,19.0900,19.5100,18.4600,18.6300,446076
2021-07-21,19.2000,19.6100,19.1200,19.3800,563170
2021-07-20,18.5900,19.6400,18.5600,18.8900,896800
2021-07-19,18.9100,19.2350,18.5500,18.7100,991417
2021-07-16,20.3200,20.3200,19.5300,19.5500,595503
2021-07-15,19.5100,20.1400,19.4950,20.1100,655729
2021-07-14,19.8800,20.2500,19.5800,19.7700,614916
2021-07-13,20.2300,20.3100,19.7700,19.8500,486718
2021-07-12,20.1400,20.4300,19.8900,20.4100,808389
2021-07-09,19.9400,20.5900,19.7700,20.5600,669171
2021-07-08,19.1100,19.4800,19.0100,19.4100,1476551
2021-07-07,19.6700,20.1300,19.4800,19.6000,1024753
2021-07-06,20.6200,20.6200,19.8500,19.9700,549252
2021-07-02,21.0500,21.0900,20.6500,20.6700,505837
2021-07-01,21.1200,21.3150,20.9200,21.0900,434029
2021-06-30,20.6200,21.2050,20.6200,20.8800,912524
2021-06-29,21.0000,21.1800,20.7300,20.8200,501852
2021-06-28,21.4200,21.4550,20.7000,20.7800,597649
2021-06-25,21.3900,21.7500,21.2800,21.6200,3299490
2021-06-24,21.0700,21.3700,20.8500,21.3400,974147
2021-06-23,21.0900,21.2550,20.9300,20.9300,694087
2021-06-22,21.0900,21.2700,20.7100,21.1100,441663
2021-06-21,20.5800,21.2100,20.5800,21.1500,995832
2021-06-18,20.4000,20.7199,20.2400,20.2800,2073166
2021-06-17,22.2500,22.2500,20.7900,20.8100,1095691
2021-06-16,21.6200,22.1900,21.4150,22.0000,742178
2021-06-15,21.4950,22.2000,21.4000,21.8100,692055
2021-06-14,21.8600,22.1300,21.3000,21.5000,1007617
2021-06-11,21.8300,22.1300,21.8200,21.8700,816386
2021-06-10,22.5800,22.5800,21.7100,21.7100,545065
2021-06-09,22.3600,22.6400,22.0920,22.1800,488662
2021-06-08,22.4300,22.6900,22.2700,22.5900,448491
2021-06-07,22.3300,22.6700,22.2810,22.5900,677271
2021-06-04,22.3800,22.4300,22.2100,22.3700,468792
2021-06-03,22.2400,22.5600,22.1500,22.4100,568262
2021-06-02,22.5400,22.5400,22.1900,22.2600,846026
2021-06-01,22.5200,22.7100,22.3800,22.4500,702415
2021-05-28,22.0300,22.3800,21.6900,22.3800,547191
2021-05-27,22.2100,22.3100,21.8500,22.0600,650682
2021-05-26,21.5000,21.8000,21.3300,21.7800,721283
2021-05-25,22.1800,22.4500,21.4200,21.4300,646745
