timestamp,open,high,low,close,volume
2021-10-14,16.7400,16.8400,16.5100,16.8200,2879504
2021-10-13,16.5500,16.5900,16.1800,16.5200,3060474
2021-10-12,16.5300,16.7000,16.4450,16.6000,3335758
2021-10-11,16.8000,16.9600,16.5800,16.5800,3042814
2021-10-08,16.4900,16.8150,16.4400,16.6800,3626616
2021-10-07,16.3000,16.6500,16.2200,16.5200,4289301
2021-10-06,16.4300,16.4650,16.0000,16.2400,4918040
2021-10-05,16.7200,16.7400,16.4200,16.5500,6201222
2021-10-04,16.6600,16.9900,16.5800,16.6300,4005295
2021-10-01,16.3700,16.8100,16.2350,16.6700,4223257
2021-09-30,16.7700,16.7700,16.2900,16.2900,4194129
2021-09-29,16.5800,16.6600,16.3700,16.6000,2986389
2021-09-28,16.7500,16.8050,16.4150,16.4700,3997717
2021-09-27,16.3200,16.7900,16.3200,16.6800,4226147
2021-09-24,15.8600,16.1400,15.8200,16.0800,3382121
2021-09-23,15.4100,15.9850,15.4000,15.8700,2914796
2021-09-22,15.0300,15.4200,15.0100,15.2600,3752934
2021-09-21,15.0600,15.1100,14.7300,14.8300,3184221
2021-09-20,14.8300,15.0200,14.6710,15.0000,7678849
2021-09-17,15.3100,15.5000,15.1000,15.2200,9582764
2021-09-16,15.5900,15.6600,15.3050,15.3400,3099555
2021-09-15,15.2100,15.5500,15.2000,15.4900,2769053
2021-09-14,15.6600,15.6700,15.1200,15.1700,4132130
2021-09-13,15.3800,15.6200,15.3000,15.6000,3926819
2021-09-10,15.5200,15.6000,15.2300,15.2400,3414890
2021-09-09,15.2100,15.5500,15.1300,15.4300,4155055
2021-09-08,15.5100,15.6700,15.2950,15.3300,6645508
2021-09-07,15.9100,16.1600,15.7450,15.7500,3149358
2021-09-03,16.0000,16.0400,15.7800,15.8800,2935199
2021-09-02,16.0300,16.1600,15.7700,15.9500,6163454
2021-09-01,16.4500,16.4650,16.1017,16.1900,2349326
2021-08-31,16.3500,16.5450,16.2590,16.3900,3026858
2021-08-30,16.7400,16.7400,16.2900,16.3000,3142872
2021-08-27,16.3000,16.7500,16.2800,16.6900,3685361
2021-08-26,16.6100,16.6300,16.2500,16.3100,2732610
2021-08-25,16.3700,16.6900,16.2100,16.4700,3458202
2021-08-24,16.0100,16.2900,15.9800,16.2400,5478695
2021-08-23,15.9500,16.0300,15.8550,15.9600,3030747
2021-08-20,15.5200,15.8400,15.4600,15.8300,4248824
2021-08-19,15.7600,15.8500,15.4500,15.5900,3651413
2021-08-18,15.9200,16.2850,15.8300,15.9400,3589867
2021-08-17,16.0400,16.2400,15.8100,16.0000,3909151
2021-08-16,16.1500,16.3400,16.0100,16.2300,4145133
2021-08-13,16.4300,16.4900,16.2250,16.2500,3611768
2021-08-12,16.5000,16.5400,16.2500,16.3800,3849133
2021-08-11,16.1600,16.4200,16.0400,16.4100,4119227
2021-08-10,15.8000,16.1300,15.7650,16.0700,3195891
2021-08-09,15.8900,16.0700,15.7400,15.8500,3632727
2021-08-06,15.9300,16.1450,15.8100,15.9700,3929990
2021-08-05,15.6300,15.7500,15.5900,15.6500,3431756
2021-08-04,15.4200,15.7500,15.3500,15.5300,4098992
2021-08-03,15.4000,15.7150,15.0750,15.6500,4724026
2021-08-02,15.5100,15.8950,15.2800,15.3100,5416101
2021-07-30,15.5900,15.7950,15.3600,15.4500,5655674
2021-07-29,15.7300,15.7900,15.5200,15.6200,8116526
2021-07-28,15.5200,15.6700,15.2200,15.5400,3223107
2021-07-27,15.2800,15.5050,15.1300,15.3700,4117642
2021-07-26,15.4900,15.8000,15.4200,15.4800,5064677
2021-07-23,15.5300,15.7450,15.3650,15.4300,3825133
2021-07-22,15.7300,15.7600,15.3200,15.3500,7150714
2021-07-21,15.6600,16.0400,15.6400,15.7900,5059759
2021-07-20,15.1400,15.7100,14.9700,15.4500,8632641
2021-07-19,15.2500,15.3500,14.8500,15.0100,10970606
2021-07-16,15.8800,16.0992,15.5300,15.5600,10617527
2021-07-15,16.1600,16.6500,16.0800,16.4700,6017639
2021-07-14,16.5200,16.7500,16.1950,16.3600,7079861
2021-07-13,16.8800,16.9000,16.4100,16.4700,6223390
2021-07-12,16.5400,17.0300,16.3900,16.9200,5132099
2021-07-09,16.5200,16.8100,16.3900,16.7900,6203905
2021-07-08,16.1000,16.4121,15.8500,16.1300,8251991
2021-07-07,16.4200,16.6750,16.3100,16.4900,9538075
2021-07-06,17.0100,17.0500,16.5050,16.6400,6574949
2021-07-02,17.3800,17.4100,17.0933,17.2300,3908695
2021-07-01,17.3800,17.4800,17.2050,17.3300,4240749
2021-06-30,17.2000,17.3558,17.1500,17.2800,4748123
2021-06-29,17.6500,17.8900,17.2500,17.2800,5856557
2021-06-28,17.7400,17.7400,17.3800,17.4500,3740072
2021-06-25,17.6200,17.9600,17.4799,17.8600,6165096
2021-06-24,17.4100,17.6400,17.1801,17.5100,3241511
2021-06-23,17.4100,17.4700,17.2200,17.2800,5266724
2021-06-22,17.1700,17.3050,16.9100,17.1900,4772664
2021-06-21,16.9200,17.2900,16.9200,17.1800,4045113
2021-06-18,16.7800,16.9500,16.4900,16.7400,11711600
2021-06-17,18.3700,18.3800,17.0300,17.0700,6595413
2021-06-16,17.9600,18.3200,17.7701,18.2300,4217110
2021-06-15,17.9400,18.2700,17.7850,18.1000,5253511
2021-06-14,18.2500,18.3700,17.8400,17.9400,4251726
2021-06-11,18.3200,18.4800,18.1750,18.3000,3543049
2021-06-10,18.9100,18.9699,18.2300,18.2500,3791891
2021-06-09,19.1200,19.1500,18.7800,18.7900,4118369
2021-06-08,19.0000,19.3200,18.7900,19.3100,5758058
2021-06-07,19.1900,19.2950,19.0250,19.1300,2873157
2021-06-04,19.1200,19.1400,18.8200,19.0800,1805086
2021-06-03,19.1100,19.3400,19.0500,19.1100,4150435
2021-06-02,19.4500,19.4500,19.1300,19.1800,3178633
2021-06-01,19.1300,19.4000,19.1300,19.4000,3558588
2021-05-28,19.1500,19.1500,18.7900,19.0700,2596730
2021-05-27,19.0900,19.1900,18.9200,19.1200,4281377
2021-05-26,18.5700,18.8100,18.4700,18.8000,4207454
2021-05-25,19.0900,19.2900,18.5300,18.5600,4585916
