timestamp,open,high,low,close,volume
2021-10-14,54.0200,54.8700,53.5895,54.7800,169101
2021-10-13,53.6400,53.9300,52.8600,53.5200,109531
2021-10-12,53.4600,54.0383,53.4300,53.7200,93608
2021-10-11,54.0000,54.2400,53.4300,53.5800,80444
2021-10-08,53.9400,54.2900,53.2400,53.8500,89375
2021-10-07,53.2700,53.9200,53.1600,53.8800,210907
2021-10-06,52.2200,53.4100,51.9000,52.7800,231776
2021-10-05,53.8100,54.2500,53.2800,53.7200,181228
2021-10-04,52.7100,53.9500,52.5100,53.5800,237044
2021-10-01,51.5900,53.4699,51.1200,52.6500,327425
2021-09-30,50.8300,52.2800,50.4000,51.5400,434839
2021-09-29,49.0100,50.6300,48.6000,50.4600,363337
2021-09-28,49.0800,49.0800,48.2700,48.6600,184040
2021-09-27,47.0500,49.2900,46.9109,48.6700,208426
2021-09-24,46.6400,47.5800,46.5000,46.6500,170769
2021-09-23,46.1000,47.1700,45.7000,46.6100,174972
2021-09-22,45.2400,46.2100,44.9997,45.6600,119432
2021-09-21,45.3000,45.3000,44.2950,44.6900,143311
2021-09-20,44.2800,44.9400,43.9000,44.8700,185122
2021-09-17,45.5400,45.9550,45.0310,45.7400,655584
2021-09-16,46.1300,46.1372,45.1600,45.2200,148971
2021-09-15,45.3400,45.9900,44.8897,45.7600,155504
2021-09-14,46.5100,46.5100,44.7400,45.0200,133406
2021-09-13,45.6200,46.3800,45.5800,46.2100,176932
2021-09-10,46.7700,46.7700,45.5700,45.6200,127226
2021-09-09,46.2800,47.1300,45.9200,46.5700,153823
2021-09-08,47.3900,47.7300,46.2400,46.6300,174967
2021-09-07,47.2800,48.6300,47.2800,47.7600,270144
2021-09-03,47.2200,47.4100,46.5000,47.1600,142672
2021-09-02,48.2400,48.3400,47.3300,47.3800,121328
2021-09-01,48.5300,48.5300,47.6000,48.2100,131082
2021-08-31,48.6400,49.0000,48.2700,48.4800,124073
2021-08-30,49.7600,49.7600,48.6700,48.7500,165991
2021-08-27,48.1800,49.7500,48.1800,49.6000,209210
2021-08-26,49.0100,49.2500,48.1350,48.1900,147766
2021-08-25,48.7800,49.3300,48.6700,49.0900,182778
2021-08-24,49.2000,49.5000,48.7600,48.7600,97591
2021-08-23,49.0800,49.4399,48.7600,49.0100,98517
2021-08-20,47.1600,48.7300,47.1400,48.6900,144967
2021-08-19,47.5200,47.5900,46.7000,47.3300,208733
2021-08-18,48.7000,49.2200,47.9700,48.0600,153386
2021-08-17,49.2900,49.5050,48.1900,48.7600,148734
2021-08-16,49.5400,50.2400,48.9300,49.8400,142218
2021-08-13,50.4700,50.6200,49.6900,49.9800,120528
2021-08-12,50.7000,51.1700,50.2400,50.4700,221872
2021-08-11,49.1900,50.5800,48.7500,50.5700,275923
2021-08-10,48.5200,49.2200,48.2500,49.1500,121982
2021-08-09,49.3900,49.3900,48.3900,48.4500,124067
2021-08-06,48.9600,49.7600,48.2700,49.6000,185910
2021-08-05,47.3800,48.3400,47.2800,48.0900,160078
2021-08-04,47.0700,47.6700,46.8300,46.8300,120998
2021-08-03,47.1200,47.6900,46.2300,47.6900,279170
2021-08-02,48.2400,49.1100,46.9100,47.0800,212027
2021-07-30,48.1200,49.7200,47.5500,47.8500,256376
2021-07-29,48.2000,49.1600,47.7900,48.5600,156059
2021-07-28,47.6200,48.2300,46.7700,47.7500,118049
2021-07-27,47.1100,47.6100,46.5900,47.0200,154629
2021-07-26,47.7000,48.3600,47.3600,47.8000,95164
2021-07-23,47.4200,47.9100,46.9200,47.3600,196020
2021-07-22,48.0300,48.0800,46.7500,47.0600,130577
2021-07-21,47.6200,48.7200,47.1900,48.2700,194328
2021-07-20,45.4300,47.9800,45.2600,47.0100,334790
2021-07-19,45.0500,46.3100,44.7540,45.3300,387085
2021-07-16,47.3600,47.3600,46.2100,46.3700,296765
2021-07-15,45.3900,46.9700,45.3900,46.9000,311301
2021-07-14,45.2000,45.8250,45.0400,45.7400,254265
2021-07-13,46.4000,46.5500,44.9000,45.0000,243394
2021-07-12,45.4200,46.8100,45.1200,46.7800,244125
2021-07-09,45.7800,45.9300,45.2000,45.9100,193253
2021-07-08,44.4600,45.4900,43.9300,44.8000,413102
2021-07-07,44.8700,45.9700,44.8500,45.4600,296032
2021-07-06,46.0000,46.1200,44.7000,45.3300,232082
2021-07-02,46.9500,46.9500,45.8400,46.1100,159787
2021-07-01,46.8200,47.2500,46.5000,46.7300,182148
2021-06-30,46.1500,46.8400,46.1500,46.3900,257276
2021-06-29,46.8800,47.2467,46.3100,46.4700,169307
2021-06-28,47.1350,47.1350,46.0200,46.5300,215003
2021-06-25,47.4400,47.8469,47.0800,47.3300,588725
2021-06-24,46.6600,47.4200,46.3300,47.3200,196010
2021-06-23,46.9000,47.1700,46.2300,46.2700,333012
2021-06-22,47.0900,47.1700,46.1250,46.7400,165037
2021-06-21,45.5500,46.9500,45.2100,46.9200,271836
2021-06-18,46.9700,47.3099,45.0300,45.1000,506293
2021-06-17,49.6700,49.9000,47.5900,47.9200,433063
2021-06-16,48.2400,49.6400,47.4800,49.3400,291399
2021-06-15,47.5400,48.8100,47.2500,48.5400,249009
2021-06-14,48.6300,48.8500,47.3032,47.5100,201127
2021-06-11,48.1700,48.6500,48.0700,48.4800,139578
2021-06-10,48.9600,49.0400,48.0300,48.0300,343456
2021-06-09,48.9600,49.0000,48.2100,48.4400,171304
2021-06-08,48.8500,49.2650,48.2800,49.1400,155307
2021-06-07,47.8400,49.4100,47.6600,49.1200,338247
2021-06-04,47.9200,47.9700,47.2500,47.6900,118486
2021-06-03,47.5000,47.9400,47.2901,47.6500,183846
2021-06-02,48.4500,48.4500,47.4400,47.8500,264601
2021-06-01,47.7500,48.5200,47.5800,48.2600,339021
2021-05-28,47.6600,47.6600,46.9400,47.4100,217224
2021-05-27,46.7800,47.3350,46.4850,47.3200,229293
2021-05-26,45.2500,46.2800,45.0700,46.1400,184788
2021-05-25,45.8100,46.3800,45.1100,45.1300,338588
