timestamp,open,high,low,close,volume
2021-10-14,87.6400,87.8300,85.5949,87.5700,42046
2021-10-13,86.4200,86.6400,85.2500,86.4300,35673
2021-10-12,86.0000,87.1500,84.4800,85.9900,38443
2021-10-11,87.2100,87.6900,85.4400,85.5400,32621
2021-10-08,86.7600,87.6600,86.2400,86.8300,53555
2021-10-07,87.0000,87.4400,85.5550,86.4500,53129
2021-10-06,85.4100,85.9200,82.9300,85.3200,52863
2021-10-05,85.8700,87.9000,85.0400,86.4500,59940
2021-10-04,87.0900,87.7600,84.8450,85.3900,55909
2021-10-01,84.7100,87.2000,84.0900,86.4700,46085
2021-09-30,85.2600,86.7797,83.3000,84.3000,77324
2021-09-29,84.8700,85.8200,84.0400,84.6800,36034
2021-09-28,86.9900,87.5500,83.6600,84.5000,149616
2021-09-27,82.3200,87.7300,82.3200,86.9500,319491
2021-09-24,81.3800,83.8000,81.3800,81.6100,212829
2021-09-23,79.2400,82.3400,79.2200,81.6200,198063
2021-09-22,77.4600,79.5300,76.0700,78.3500,77700
2021-09-21,77.8600,78.0600,76.6300,76.9600,69825
2021-09-20,77.5200,78.0800,76.0500,77.4600,85643
2021-09-17,80.2900,80.6000,78.0600,79.3100,214618
2021-09-16,78.0000,82.6000,77.5000,79.5900,673661
2021-09-15,75.9500,76.6700,75.0100,75.1900,71609
2021-09-14,72.1600,76.3700,72.1600,75.9600,72472
2021-09-13,76.7500,78.9750,76.6500,78.4500,56219
2021-09-10,77.8300,77.8300,75.9900,76.2700,14992
2021-09-09,76.6900,77.8600,75.9100,77.1600,31698
2021-09-08,77.2000,77.9700,75.4150,76.3600,15050
2021-09-07,77.8200,78.9875,77.1200,77.4100,26956
2021-09-03,79.7700,79.7700,77.6450,78.0200,13055
2021-09-02,79.0400,80.1200,78.2938,79.4000,34833
2021-09-01,78.0100,79.3450,78.0000,79.0000,18479
2021-08-31,76.7600,78.6900,74.3207,78.3000,29573
2021-08-30,79.3400,79.5900,77.0000,77.2300,29097
2021-08-27,77.0400,79.5300,75.8937,79.3800,26762
2021-08-26,78.2900,78.7400,76.2300,76.4900,25294
2021-08-25,78.4200,78.6500,77.8150,77.9500,27400
2021-08-24,77.3500,78.8800,77.2000,77.9300,33843
2021-08-23,77.6600,77.7400,76.5000,77.5500,24617
2021-08-20,74.5200,77.1550,74.5200,77.0100,40734
2021-08-19,75.1500,76.1400,73.8718,74.9800,29098
2021-08-18,75.5100,75.9900,74.5700,75.7000,19807
2021-08-17,76.3200,76.5900,75.3000,75.5200,13430
2021-08-16,77.0000,77.4400,76.4100,76.7700,16931
2021-08-13,75.5900,77.6453,75.5400,77.4400,30684
2021-08-12,75.0000,75.4600,74.6129,75.1200,22674
2021-08-11,76.0000,76.0100,75.2950,75.7700,32037
2021-08-10,76.3800,76.9200,75.5000,76.1900,65081
2021-08-09,75.9500,77.2600,75.7500,76.0400,38206
2021-08-06,75.5000,76.5400,74.7600,76.5300,28704
2021-08-05,73.2400,74.8900,73.2400,74.5700,33241
2021-08-04,71.0700,72.9300,71.0700,72.2000,40791
2021-08-03,70.8400,72.8900,70.5300,72.1900,25778
2021-08-02,71.1200,72.3900,69.8600,71.0200,38826
2021-07-30,70.8200,71.7800,70.8200,71.0300,28327
2021-07-29,71.1750,72.5400,70.2500,71.0800,21304
2021-07-28,71.1800,71.1800,68.5800,69.9300,21005
2021-07-27,69.9000,71.3800,69.2700,70.2300,42976
2021-07-26,67.2600,70.4700,67.2600,69.9000,31236
2021-07-23,66.2400,67.2300,66.0000,67.2100,41275
2021-07-22,62.0000,67.2500,62.0000,65.5800,51501
2021-07-21,59.3200,61.1200,59.3200,60.1500,23954
2021-07-20,57.3100,60.2300,57.3100,59.0800,41264
2021-07-19,58.3300,58.3300,56.5000,56.9100,36740
2021-07-16,60.8400,60.8400,59.7500,59.9500,30762
2021-07-15,59.9900,61.1600,59.4200,60.3100,79513
2021-07-14,60.1600,60.7800,60.0400,60.4800,31431
2021-07-13,60.9000,60.9000,59.9400,60.1100,24075
2021-07-12,60.0300,61.1300,60.0300,60.9600,16264
2021-07-09,58.1500,60.7500,58.1500,60.3600,35626
2021-07-08,57.9000,57.9800,55.9500,57.0200,60152
2021-07-07,59.0750,60.3100,58.0700,58.7300,46616
2021-07-06,60.2700,60.4100,59.4500,59.9100,51485
2021-07-02,61.8400,61.8400,60.1200,60.4400,52210
2021-07-01,60.6400,61.6400,60.3950,61.4100,26326
2021-06-30,60.1500,60.9299,59.9000,60.2200,58688
2021-06-29,61.9000,62.2000,59.3650,60.1700,81525
2021-06-28,62.1600,62.6900,61.1800,61.6400,39902
2021-06-25,64.2200,65.2900,61.9400,61.9800,151610
2021-06-24,64.1400,64.1400,63.1000,63.8300,20101
2021-06-23,63.0400,64.0000,63.0400,63.1200,20785
2021-06-22,63.9300,63.9300,62.0600,62.8800,29269
2021-06-21,62.5000,64.4100,61.9900,63.6700,43046
2021-06-18,62.0000,62.7500,60.8935,62.5500,64036
2021-06-17,64.4000,64.5000,62.0553,62.5400,25868
2021-06-16,62.7900,64.8300,61.8000,64.3800,24672
2021-06-15,63.6100,64.9700,63.1500,64.1500,17085
2021-06-14,64.1400,64.4700,63.0500,63.6800,16309
2021-06-11,64.0100,64.3600,63.8000,64.1000,15652
2021-06-10,65.8800,65.8800,63.9000,64.0400,27433
2021-06-09,65.9400,65.9400,64.6900,64.9900,16418
2021-06-08,65.2546,66.4000,65.1500,66.2200,19007
2021-06-07,65.5100,66.2780,65.5100,65.7300,17029
2021-06-04,64.8250,65.3700,64.5100,65.1400,18762
2021-06-03,64.1700,66.1800,64.1700,64.9900,18530
2021-06-02,66.2400,66.3365,64.5300,64.6800,26638
2021-06-01,63.6000,65.9400,63.6000,65.5500,32246
2021-05-28,64.3200,64.4500,62.6800,63.8100,20811
2021-05-27,63.5700,63.8300,62.7200,63.7300,17714
2021-05-26,61.3000,63.0150,60.4100,62.9100,39595
2021-05-25,63.3700,63.9200,60.5600,60.8400,32205
