timestamp,open,high,low,close,volume
2021-10-14,54.9100,55.1600,54.5100,55.0800,283235
2021-10-13,54.4900,54.7500,53.5600,54.4800,267117
2021-10-12,54.1800,54.8400,54.0900,54.4400,179674
2021-10-11,54.3500,54.9200,54.2900,54.3000,189221
2021-10-08,53.6500,54.4900,53.4100,54.0600,153640
2021-10-07,53.5300,54.0950,53.4000,53.8200,969981
2021-10-06,52.7200,53.1700,51.6600,53.1200,240510
2021-10-05,53.7900,54.1300,53.1400,53.3000,474049
2021-10-04,53.0100,53.9000,52.7800,53.3900,425967
2021-10-01,51.1500,53.3800,51.0700,53.3300,558178
2021-09-30,51.1200,51.7400,50.7400,50.7800,468952
2021-09-29,51.5900,51.9200,51.0500,51.0700,234416
2021-09-28,51.9600,52.5300,51.2200,51.3200,336507
2021-09-27,50.5900,52.4000,50.5900,51.8700,194204
2021-09-24,49.9900,50.6100,49.9900,50.0800,227579
2021-09-23,49.5800,50.6900,49.5800,49.9800,291897
2021-09-22,49.8800,50.1700,49.3000,49.3000,321098
2021-09-21,49.8100,49.8200,49.0800,49.3000,266858
2021-09-20,49.0300,49.5600,48.5300,49.4400,457354
2021-09-17,50.1400,50.5000,49.8700,50.4000,1426181
2021-09-16,51.0000,51.2100,49.9400,50.0000,611645
2021-09-15,49.7100,50.7900,49.7100,50.6800,249301
2021-09-14,50.4200,50.4431,49.3700,49.6600,277139
2021-09-13,49.1200,50.2300,48.9700,50.2200,351665
2021-09-10,49.2000,49.4300,48.7500,48.7700,220988
2021-09-09,48.5700,49.9900,48.4400,48.7600,421522
2021-09-08,49.2300,49.6200,48.5400,48.7800,183520
2021-09-07,49.4500,50.3700,49.4500,49.4600,218250
2021-09-03,49.5400,50.0600,49.4400,49.6000,931493
2021-09-02,49.5200,49.9900,49.1600,49.7900,326463
2021-09-01,49.6600,49.9100,48.8000,49.4900,446315
2021-08-31,48.7400,49.7800,48.7400,49.4600,312194
2021-08-30,49.4500,49.4500,48.5500,49.0000,236343
2021-08-27,48.4400,49.3250,48.4400,49.3200,403872
2021-08-26,48.9000,49.2400,48.3900,48.5000,465113
2021-08-25,48.9100,49.9300,48.9100,49.1000,168348
2021-08-24,48.9000,49.3500,48.6500,48.8500,763984
2021-08-23,48.6400,48.8300,48.3200,48.7000,158097
2021-08-20,47.3300,48.4700,47.3300,48.4300,193978
2021-08-19,47.4500,48.0700,46.7600,47.3400,325801
2021-08-18,48.7200,48.8400,47.2500,48.0500,275971
2021-08-17,48.2600,49.4500,48.0800,48.8500,499695
2021-08-16,49.0000,49.7200,48.6700,48.7700,636602
2021-08-13,50.0000,50.0000,49.2700,49.4600,235356
2021-08-12,49.2600,49.8600,49.0500,49.8400,254854
2021-08-11,48.4600,49.3100,48.1300,49.2500,230392
2021-08-10,47.7200,48.4800,47.5800,48.4400,177452
2021-08-09,47.7000,48.1600,47.1700,47.9100,369975
2021-08-06,47.9000,48.0320,47.4100,47.7300,239428
2021-08-05,46.9400,47.8700,46.9400,47.3100,409388
2021-08-04,46.7500,47.4300,46.3200,46.5900,541863
2021-08-03,45.8500,47.1300,45.2200,47.1300,710091
2021-08-02,46.2600,46.6100,45.6400,45.8600,326869
2021-07-30,45.6800,46.3400,45.4900,45.7600,489762
2021-07-29,47.0000,47.4100,45.7900,45.9500,481792
2021-07-28,43.1700,47.4500,43.1700,46.7100,859952
2021-07-27,42.4300,43.0500,42.1000,42.5900,212222
2021-07-26,42.7900,43.2900,42.6200,42.9500,308603
2021-07-23,43.0000,43.3750,42.4800,42.5200,291174
2021-07-22,43.0000,43.0000,42.1000,42.6500,504153
2021-07-21,43.4100,43.5800,42.9200,43.0100,217993
2021-07-20,42.0200,43.5216,41.8100,42.8800,429569
2021-07-19,41.9200,42.3500,41.4800,42.0100,416277
2021-07-16,44.2600,44.4500,42.5700,42.9300,292628
2021-07-15,42.4900,43.9400,42.3000,43.9300,594020
2021-07-14,42.7100,43.3200,42.3700,42.8200,490775
2021-07-13,43.8700,43.9900,42.2100,42.5700,575845
2021-07-12,43.1400,44.2200,42.5100,44.2200,658445
2021-07-09,42.5000,43.5300,42.4400,43.1700,515851
2021-07-08,41.7000,42.6400,41.4900,41.8200,593345
2021-07-07,41.8300,42.8400,41.4100,42.3300,931094
2021-07-06,42.6300,42.7100,41.7500,42.1800,619503
2021-07-02,43.4900,43.4900,42.7800,42.8100,302059
2021-07-01,42.4600,43.7200,42.4400,43.4800,371737
2021-06-30,42.0400,42.5500,41.9100,42.2700,256859
2021-06-29,42.9100,43.3300,41.8900,42.0300,432412
2021-06-28,43.1400,43.2800,42.4000,42.6600,479165
2021-06-25,43.4800,44.0000,43.1700,43.3500,929585
2021-06-24,42.8500,43.4100,42.5100,43.1500,495654
2021-06-23,42.9600,43.2600,42.7200,42.7900,482095
2021-06-22,43.5400,43.6600,42.7600,42.9200,716418
2021-06-21,42.9700,43.9200,42.9700,43.7300,402287
2021-06-18,43.6300,43.8900,42.4900,42.6800,666670
2021-06-17,46.0500,46.0850,43.9500,44.3600,485441
2021-06-16,45.8300,46.4200,45.4211,45.7600,196638
2021-06-15,45.1800,46.4300,44.8000,45.9400,509083
2021-06-14,45.6100,45.6100,44.6000,45.1300,399096
2021-06-11,45.1600,45.5400,45.0000,45.2700,181817
2021-06-10,46.5900,46.6900,45.0400,45.0800,523949
2021-06-09,46.7400,46.7400,46.0900,46.1000,332038
2021-06-08,46.5100,46.9400,45.9000,46.7200,357796
2021-06-07,46.7700,46.8000,46.3300,46.3300,182390
2021-06-04,46.8400,46.8400,46.0900,46.4100,204907
2021-06-03,46.3200,47.1350,46.1500,46.6800,1755854
2021-06-02,47.1300,47.1300,46.3100,46.6000,697621
2021-06-01,45.9200,47.2600,45.9200,47.0600,745103
2021-05-28,45.7500,45.9600,45.1500,45.8000,425353
2021-05-27,46.1300,46.3700,45.6500,45.7700,507327
2021-05-26,44.8200,45.6900,44.7000,45.4800,309851
2021-05-25,45.6600,46.1200,44.6500,44.6600,389822
