timestamp,open,high,low,close,volume
2021-10-18,110.7300,112.1750,110.5000,112.1500,657461
2021-10-15,112.5000,112.9600,112.1300,112.5000,576470
2021-10-14,110.6400,111.7500,110.6400,111.6300,549325
2021-10-13,109.4500,109.9600,109.2500,109.5000,374674
2021-10-12,109.0000,109.3200,108.3000,108.9500,555012
2021-10-11,108.9000,111.0000,108.9000,109.1500,767617
2021-10-08,107.5000,108.5000,106.8900,107.4900,652130
2021-10-07,106.1100,106.8100,105.5000,106.0800,516216
2021-10-06,105.0000,105.8500,104.0900,105.5600,709919
2021-10-05,106.8700,107.5636,106.3500,106.7100,513218
2021-10-04,108.1100,108.3400,106.3000,106.9700,887348
2021-10-01,109.9700,110.2900,108.4714,109.5100,610793
2021-09-30,111.5000,111.9999,110.1400,110.5800,490234
2021-09-29,112.7900,113.1500,111.2200,111.4800,673155
2021-09-28,115.0100,115.4150,112.9900,113.4900,903295
2021-09-27,117.0800,117.5300,115.9600,116.2700,631125
2021-09-24,116.8700,117.8690,116.2300,117.6100,863958
2021-09-23,115.0900,115.9100,115.0000,115.5000,554241
2021-09-22,113.3200,115.1992,113.1000,114.6100,832356
2021-09-21,112.5000,112.9100,111.6500,112.4100,962594
2021-09-20,108.9000,109.3800,107.4400,108.5600,717695
2021-09-17,111.3000,111.7200,110.3100,110.7000,387688
2021-09-16,111.6900,112.3600,111.0600,112.2900,407676
2021-09-15,110.9400,111.7750,110.3900,111.6900,438573
2021-09-14,111.6300,111.8800,110.8400,111.2800,539453
2021-09-13,111.7300,111.7300,110.0968,111.1100,516898
2021-09-10,110.8200,111.8400,110.2560,110.3200,507276
2021-09-09,109.4200,110.9200,109.4000,109.9500,655178
2021-09-08,108.2800,108.5550,107.0200,107.8400,399247
2021-09-07,108.2500,108.8100,107.5950,108.3600,509987
2021-09-03,107.4700,108.2900,106.6600,108.2500,695949
2021-09-02,105.0700,105.9600,105.0700,105.4200,351385
2021-09-01,104.0000,105.3100,103.8400,104.7800,550031
2021-08-31,102.9600,103.8900,102.7600,103.4600,381451
2021-08-30,102.7500,102.8000,102.3500,102.4600,392184
2021-08-27,102.6100,103.5248,102.2000,103.2500,403105
2021-08-26,103.1200,103.1200,101.4700,101.6500,584584
2021-08-25,104.2000,105.4000,104.1200,105.3500,408371
2021-08-24,103.0000,104.5400,102.5300,104.1100,633593
2021-08-23,99.9000,101.4600,99.6200,101.3200,542672
2021-08-20,96.8000,97.8400,96.8000,97.6400,419014
2021-08-19,96.4800,96.9905,95.6210,96.6100,541523
2021-08-18,99.1700,99.3650,98.3000,98.3100,361747
2021-08-17,98.6900,99.2600,98.0400,98.4800,775459
2021-08-16,99.9800,100.9200,99.4100,100.2500,788854
2021-08-13,101.0700,102.2200,100.6300,101.9400,482799
2021-08-12,100.2000,100.4900,98.7600,100.2000,590415
2021-08-11,101.0900,101.8700,100.8000,101.7600,452126
2021-08-10,101.2000,101.5000,100.2800,100.8800,511182
2021-08-09,102.6400,102.7500,102.0705,102.6300,386917
2021-08-06,103.4800,104.1600,102.5300,102.6200,413319
2021-08-05,103.9700,103.9900,102.1109,102.8400,420270
2021-08-04,102.5400,103.8400,101.7450,102.2600,619746
2021-08-03,104.5900,104.9000,102.6600,103.6800,733532
2021-08-02,104.7800,105.3500,104.2800,104.4000,407391
2021-07-30,104.0000,104.7300,103.6200,104.3000,628285
2021-07-29,104.5000,106.1200,104.0800,105.8600,816595
2021-07-28,101.4000,103.3600,101.3300,103.1300,861185
2021-07-27,99.9300,99.9500,98.7000,99.6300,752657
2021-07-26,100.2500,100.3700,98.8100,99.2900,523959
2021-07-23,100.0800,100.8600,99.7400,100.6600,485778
2021-07-22,100.6000,100.7100,99.5000,99.5300,349035
2021-07-21,99.7100,100.8300,99.4500,100.4600,419492
2021-07-20,98.3200,99.4900,97.8800,99.0800,554361
2021-07-19,98.7300,99.1300,97.7600,98.4500,712416
2021-07-16,102.2200,102.5800,101.3600,101.5000,583810
2021-07-15,103.9100,103.9100,102.4000,102.8700,438585
2021-07-14,104.9800,105.2900,104.3300,104.5700,642104
2021-07-13,104.2000,104.5100,103.6100,104.2800,609345
2021-07-12,104.0900,104.7100,103.4500,104.3000,1015471
2021-07-09,100.5500,102.3600,100.2900,102.0400,874763
2021-07-08,98.8400,99.6000,98.0500,99.3400,689686
2021-07-07,100.8700,101.4700,100.0200,100.7400,529811
2021-07-06,101.7600,102.1600,99.9900,101.0800,633039
2021-07-02,101.2200,101.7400,100.6000,101.6500,735481
2021-07-01,97.9100,98.6000,97.5600,98.2500,499946
2021-06-30,97.9200,98.1300,96.9000,97.2200,782218
2021-06-29,99.5000,100.2000,99.2500,99.8800,597752
2021-06-28,98.4400,98.7500,98.0300,98.4700,821722
2021-06-25,97.7500,98.5200,97.5600,98.2500,523535
2021-06-24,96.6800,97.1500,96.6000,96.7700,378988
2021-06-23,96.5000,96.6300,96.0400,96.1400,522043
2021-06-22,97.6500,98.2300,97.5000,97.7000,717480
2021-06-21,96.0200,97.0401,96.0000,96.9100,1062827
2021-06-18,95.0000,95.3800,94.4203,94.7700,663158
2021-06-17,94.7600,96.1800,94.6000,96.1000,734293
2021-06-16,97.8200,97.9100,96.5000,96.8400,590802
2021-06-15,99.9900,99.9900,98.6900,99.0500,593914
2021-06-14,98.8800,99.8717,98.8100,99.4300,486579
2021-06-11,98.9800,99.7200,98.6000,99.6000,601892
2021-06-10,98.0700,98.8000,97.8400,98.6000,569440
2021-06-09,98.6200,98.8300,97.6100,97.7200,515646
2021-06-08,100.2800,100.6500,99.3500,99.6100,959937
2021-06-07,99.7000,100.3100,99.6200,100.1500,1206270
2021-06-04,99.7100,101.0500,99.5800,100.6900,891427
2021-06-03,97.7700,99.3100,97.1000,98.7500,754770
2021-06-02,98.7300,98.9700,97.5900,98.0600,545093
2021-06-01,99.8600,99.8600,98.8000,99.1800,546883
2021-05-28,100.0900,100.5250,99.5000,99.6100,425762
2021-05-27,99.2000,99.7887,98.4900,99.5700,549763
