timestamp,open,high,low,close,volume
2021-10-18,80.3200,81.0950,80.3200,80.8000,66560
2021-10-15,80.5200,81.0800,80.3700,81.0300,34181
2021-10-14,79.9700,79.9700,79.4100,79.8000,73499
2021-10-13,78.8000,79.5900,78.8000,79.4800,62058
2021-10-12,78.9290,78.9290,78.0500,78.0500,93455
2021-10-11,79.9400,80.0800,79.0600,79.0600,27452
2021-10-08,78.9900,79.4900,78.8500,79.2200,38972
2021-10-07,78.0600,79.3381,78.0600,79.0700,181448
2021-10-06,75.5600,76.5600,75.5224,76.4600,54615
2021-10-05,76.3300,77.1410,76.2400,76.8200,75950
2021-10-04,77.0198,77.0500,75.8574,76.2900,89776
2021-10-01,78.1100,78.1100,77.0400,77.7500,79903
2021-09-30,78.3200,78.9200,78.1800,78.2000,113355
2021-09-29,78.5100,78.6700,77.6550,77.6600,33783
2021-09-28,79.0100,79.2000,78.2194,78.4100,114565
2021-09-27,78.8700,79.7900,78.7300,79.6100,346604
2021-09-24,78.6300,78.9100,78.4100,78.4500,123856
2021-09-23,79.3900,79.7900,79.3700,79.6400,415885
2021-09-22,78.8400,79.7950,78.8400,79.2600,62549
2021-09-21,78.0800,78.4050,77.8900,78.1700,65968
2021-09-20,77.9000,78.3500,76.9970,77.5400,111563
2021-09-17,80.8000,80.8000,80.2050,80.3600,67837
2021-09-16,80.0200,80.4756,79.8400,80.3500,69389
2021-09-15,81.0500,81.3700,80.6101,81.3700,72085
2021-09-14,82.4400,82.4400,81.6810,81.7900,89068
2021-09-13,82.8300,83.1850,82.5000,82.8200,65790
2021-09-10,83.8100,83.8900,82.9800,83.0600,52798
2021-09-09,82.7800,83.3500,82.6700,83.1400,75836
2021-09-08,84.8000,84.8000,83.8000,83.9200,65235
2021-09-07,84.8100,85.7250,84.8100,85.2600,62773
2021-09-03,83.9400,84.4399,83.9200,84.3100,32478
2021-09-02,84.5000,84.5400,83.8611,83.9200,54705
2021-09-01,83.9500,84.9500,83.9500,84.7200,85163
2021-08-31,83.1200,83.4100,82.8901,83.1000,50021
2021-08-30,81.3300,81.7200,81.0401,81.5000,70778
2021-08-27,81.2300,81.7100,81.1600,81.6400,37669
2021-08-26,81.4900,81.6200,81.1801,81.2500,55752
2021-08-25,82.0400,82.2299,81.7456,82.1600,65604
2021-08-24,81.5300,82.4100,81.4800,82.2500,955582
2021-08-23,79.0200,79.8000,78.8494,79.7800,97270
2021-08-20,77.9300,78.7100,77.8500,78.3300,115558
2021-08-19,78.4600,78.8550,78.1400,78.3400,121900
2021-08-18,80.8500,81.0600,80.3100,80.4500,116838
2021-08-17,80.1000,80.4700,79.6800,79.8800,116700
2021-08-16,82.0400,82.1100,81.6400,82.1100,143500
2021-08-13,83.0200,83.1100,82.5600,83.0700,68275
2021-08-12,83.7800,83.7800,83.3300,83.7200,83297
2021-08-11,85.0000,85.0800,84.3800,84.7700,70405
2021-08-10,85.1500,85.2800,84.6320,84.9000,44371
2021-08-09,84.6300,85.1900,84.5800,84.9400,111115
2021-08-06,84.7800,84.7800,83.8217,84.1100,156092
2021-08-05,84.7100,85.0850,84.6403,84.8900,246540
2021-08-04,84.9700,85.6450,84.9100,85.3000,86520
2021-08-03,83.8800,84.2500,83.4701,84.1500,82663
2021-08-02,84.2600,84.8000,84.2600,84.4000,66971
2021-07-30,83.3400,84.2380,83.2700,83.9500,99740
2021-07-29,85.1200,85.1800,84.2700,84.7600,142289
2021-07-28,82.7500,84.6000,82.7500,84.4500,213243
2021-07-27,81.4100,81.8500,80.3100,81.8500,268875
2021-07-26,84.4600,84.4700,83.4000,83.6700,199374
2021-07-23,87.1100,87.1100,86.2409,86.7300,64060
2021-07-22,88.2600,88.4900,87.9050,88.2700,44113
2021-07-21,86.9200,87.8000,86.8300,87.7500,94710
2021-07-20,87.0900,87.8862,86.8300,87.7200,77643
2021-07-19,87.2800,87.3000,86.6823,87.2800,113087
2021-07-16,89.9000,89.9600,88.7900,88.9100,55393
2021-07-15,89.9200,90.1800,89.4000,89.7600,236664
2021-07-14,90.0800,90.2600,89.3978,89.5900,189425
2021-07-13,89.2300,89.8600,89.1200,89.1500,107103
2021-07-12,87.9500,88.5300,87.8800,88.3600,143383
2021-07-09,87.6100,88.5079,87.4200,88.4200,62028
2021-07-08,86.4000,86.6600,86.0600,86.4600,230514
2021-07-07,89.1700,89.2650,88.3850,88.7100,191006
2021-07-06,89.3800,89.6100,88.7008,89.1000,216696
2021-07-02,90.3000,90.4395,90.0350,90.3700,111276
2021-07-01,91.3100,91.4500,90.5177,90.8600,286149
2021-06-30,91.5900,91.8300,91.4400,91.6500,196247
2021-06-29,91.7000,92.2600,91.3350,92.2600,115242
2021-06-28,92.3200,92.4300,92.0800,92.1900,41020
2021-06-25,91.9900,92.4300,91.8800,92.3500,110649
2021-06-24,90.7200,91.1900,90.6400,91.1400,66442
2021-06-23,90.2000,90.8121,90.1900,90.2200,93389
2021-06-22,88.6600,89.2000,88.6350,89.2000,62085
2021-06-21,89.2700,89.8700,89.0100,89.8700,53573
2021-06-18,90.3400,90.3400,89.7300,89.7300,98066
2021-06-17,90.0800,90.7600,90.0457,90.5800,127029
2021-06-16,90.6600,90.9800,89.4300,89.8000,143354
2021-06-15,91.2200,91.2356,90.3200,90.4600,1564143
2021-06-14,91.0400,91.4182,91.0100,91.3200,53754
2021-06-11,91.2900,91.2900,90.7800,91.1600,145094
2021-06-10,90.9800,91.4800,90.8700,91.3200,129983
2021-06-09,91.1200,91.3700,90.8800,90.9200,50650
2021-06-08,91.6000,91.6300,91.1500,91.3200,55382
2021-06-07,92.2100,92.2300,91.5889,92.0000,44151
2021-06-04,92.4100,92.9900,92.4100,92.9200,36333
2021-06-03,92.2600,92.2600,91.7200,91.9300,67036
2021-06-02,93.0100,93.2100,92.7100,93.0500,180726
2021-06-01,93.7600,93.7600,93.0300,93.4700,62544
2021-05-28,90.9400,91.5710,90.9400,91.3100,128511
2021-05-27,91.0100,91.0100,90.5400,90.8200,31687
