timestamp,open,high,low,close,volume
2021-10-18,64.3000,64.7200,64.2300,64.5700,822377
2021-10-15,64.1700,64.4900,64.0900,64.4500,775352
2021-10-14,63.7400,64.0900,63.5900,63.9100,855412
2021-10-13,63.0100,63.2850,62.3100,63.1700,923579
2021-10-12,62.7400,63.2400,62.5500,62.9900,836494
2021-10-11,63.1700,63.6200,62.7200,62.7400,438383
2021-10-08,62.1000,62.9700,61.9900,62.8800,1062259
2021-10-07,62.0900,62.1800,61.6750,61.9800,1077526
2021-10-06,61.2400,61.6600,61.0400,61.6300,1052585
2021-10-05,61.7300,62.2474,61.5100,61.8600,876539
2021-10-04,61.3500,62.2500,61.3450,61.5400,3145247
2021-10-01,61.5700,62.4000,61.1000,62.1800,1876235
2021-09-30,61.9300,62.2100,61.1000,61.5300,3244007
2021-09-29,62.1400,62.2300,61.7300,61.7800,958574
2021-09-28,62.5700,62.6500,61.8600,62.0700,1765212
2021-09-27,62.0800,62.7650,62.0200,62.5600,1525211
2021-09-24,61.6200,61.8500,61.4100,61.8100,912046
2021-09-23,60.9700,61.9200,60.9700,61.6800,973547
2021-09-22,60.3600,60.9700,60.2700,60.4400,1013320
2021-09-21,60.1200,60.6600,59.9500,60.0000,1181912
2021-09-20,60.3100,60.3500,59.0500,59.9800,2196217
2021-09-17,61.9400,62.0800,61.0000,61.3400,1303822
2021-09-16,62.0800,62.2600,61.5700,61.9000,620559
2021-09-15,61.2100,62.0900,61.1800,62.0500,904817
2021-09-14,62.1900,62.2300,61.1400,61.2500,772488
2021-09-13,62.0000,62.3300,61.6100,61.9300,1004511
2021-09-10,62.2800,62.2800,61.5500,61.5500,723839
2021-09-09,61.5200,62.0801,61.4600,61.7300,731776
2021-09-08,61.6500,61.9000,61.2699,61.5200,794681
2021-09-07,62.2900,62.5050,61.7500,61.7700,925512
2021-09-03,62.5800,62.5800,62.2600,62.3800,643132
2021-09-02,61.9500,62.4500,61.8500,62.4100,790518
2021-09-01,62.2600,62.4550,61.8000,61.8200,838885
2021-08-31,62.4900,62.6200,61.8766,61.9100,1626244
2021-08-30,63.0900,63.2100,62.2900,62.3000,1023415
2021-08-27,63.0100,63.2850,62.5400,62.9500,1090947
2021-08-26,63.9800,64.1000,62.8300,62.9900,1139138
2021-08-25,63.2300,64.0460,63.1000,64.0200,1390472
2021-08-24,63.7100,63.8500,63.1450,63.2000,1135281
2021-08-23,62.8700,63.5300,62.8300,63.4500,1139088
2021-08-20,61.7500,62.4000,61.4900,62.3100,952600
2021-08-19,62.5700,62.9400,61.9400,62.0400,1551277
2021-08-18,63.6900,64.0900,63.4800,63.4900,736512
2021-08-17,64.0700,64.1700,63.4800,63.7700,1449999
2021-08-16,64.3600,64.5200,63.9000,64.4500,825252
2021-08-13,64.8300,64.9000,64.5300,64.6900,452201
2021-08-12,64.9500,64.9500,64.4095,64.7600,533124
2021-08-11,64.5900,64.9300,64.2900,64.8200,880773
2021-08-10,63.4000,64.5000,63.3900,64.4500,945036
2021-08-09,63.3600,63.5700,63.0700,63.4100,727925
2021-08-06,63.1400,63.4500,63.0600,63.3500,1619592
2021-08-05,62.7300,63.0700,62.6400,62.9700,599699
2021-08-04,62.0200,62.5900,62.0100,62.2300,688208
2021-08-03,62.1100,62.4750,61.6800,62.3900,865593
2021-08-02,62.5500,63.5200,61.9500,61.9700,748508
2021-07-30,63.1200,63.3100,62.1600,62.4400,1160621
2021-07-29,62.8300,63.4500,62.8300,63.2300,891228
2021-07-28,61.9000,62.5500,61.5500,62.4100,911534
2021-07-27,61.8100,62.3850,61.5600,61.8400,999221
2021-07-26,62.0600,62.3100,61.8750,62.1700,819904
2021-07-23,61.9000,62.3000,61.6700,62.0000,1004168
2021-07-22,62.1100,62.1300,61.2500,61.5700,876899
2021-07-21,61.6900,62.3500,61.6900,62.1100,843456
2021-07-20,60.2400,61.4050,59.9700,61.2500,1216774
2021-07-19,61.3800,61.3800,60.0400,60.2900,2585371
2021-07-16,63.1000,63.1100,62.2339,62.3100,1014868
2021-07-15,62.9200,63.2450,62.7100,62.8900,1025282
2021-07-14,63.4800,63.8200,63.0170,63.2500,826206
2021-07-13,63.5200,63.6500,62.9500,63.1800,877531
2021-07-12,62.9600,63.7500,62.7500,63.7300,973142
2021-07-09,62.6700,63.4800,62.6700,63.4000,1436523
2021-07-08,62.6000,62.6900,61.8500,62.1500,1457827
2021-07-07,63.4600,63.8900,63.1400,63.2400,1276131
2021-07-06,64.7800,64.8100,63.6250,63.6500,1423747
2021-07-02,64.9600,65.1410,64.4600,65.0100,2902511
2021-07-01,65.3900,65.6900,65.1199,65.5800,2682511
2021-06-30,64.9600,65.1800,64.8400,65.0700,1032285
2021-06-29,65.0200,65.2800,64.8700,64.9600,818913
2021-06-28,65.5700,65.5700,64.8100,65.0000,1607821
2021-06-25,65.3200,65.8400,65.2400,65.8000,1293625
2021-06-24,65.1100,65.2000,64.6100,65.1100,1106408
2021-06-23,64.9700,65.2000,64.8500,64.9500,1226085
2021-06-22,64.6600,64.8400,64.1200,64.7300,1538371
2021-06-21,64.2300,64.7800,64.0900,64.6500,1279921
2021-06-18,64.8700,64.9400,63.6800,63.7000,4861708
2021-06-17,66.7900,66.9000,65.2400,65.4200,3087796
2021-06-16,66.7000,67.0900,66.5200,66.8000,1252697
2021-06-15,66.5300,66.7750,66.4100,66.6500,761952
2021-06-14,66.5600,66.7400,66.3500,66.5200,1642992
2021-06-11,66.7700,66.8600,66.4100,66.5900,821312
2021-06-10,67.3000,67.3900,66.7800,66.7900,1014145
2021-06-09,67.1400,67.1900,66.6100,66.8200,1083024
2021-06-08,67.3300,67.3300,66.9297,66.9800,871265
2021-06-07,67.4200,67.5100,67.0000,67.1700,1562375
2021-06-04,67.5900,67.7800,67.0000,67.2300,841965
2021-06-03,67.8100,67.8100,67.4100,67.4700,966346
2021-06-02,67.5000,68.0200,67.3200,68.0000,1509888
2021-06-01,67.9200,68.0000,66.6800,67.0000,1369271
2021-05-28,67.1800,67.4650,66.9350,67.3000,1849735
2021-05-27,66.7500,67.2200,66.5300,67.0200,1469108
