timestamp,open,high,low,close,volume
2021-10-18,113.4200,115.3500,113.4200,115.3400,5799788
2021-10-15,114.7800,114.9500,112.9600,114.8600,11558807
2021-10-14,114.1400,114.7400,111.1600,112.5600,16930481
2021-10-13,109.3200,110.0500,108.9500,109.9800,7845095
2021-10-12,110.4700,111.0300,108.5550,109.2000,9294631
2021-10-11,110.0800,111.7100,109.9000,110.2600,5318487
2021-10-08,110.9800,111.0700,109.5100,110.0400,5143409
2021-10-07,111.0000,111.7100,110.4900,110.8300,7821918
2021-10-06,108.4400,109.5200,107.5800,109.3400,7553611
2021-10-05,109.8000,110.3500,109.2200,109.2600,8039615
2021-10-04,111.0000,111.4300,108.5200,109.0200,8514511
2021-10-01,112.0000,112.3000,110.3000,111.5600,5315200
2021-09-30,112.4300,113.3500,111.6500,111.6500,6437891
2021-09-29,112.3000,112.8500,111.0200,111.6200,6522356
2021-09-28,114.3300,115.0400,111.8500,111.9000,9792250
2021-09-27,115.7000,116.5700,115.0100,116.1500,5198843
2021-09-24,116.0000,116.5600,115.5250,115.6400,4455865
2021-09-23,116.9700,116.9700,115.5900,116.1900,5484707
2021-09-22,115.2300,116.2400,114.9100,115.8700,5345592
2021-09-21,115.6500,115.8700,114.5530,114.9600,8182230
2021-09-20,115.2000,116.0100,113.5500,114.7000,8991029
2021-09-17,120.1900,120.4700,117.6900,117.7500,10729198
2021-09-16,120.0000,121.1300,119.3500,120.7900,7301357
2021-09-15,122.4050,122.5000,120.8800,121.5000,5566531
2021-09-14,123.6300,123.6300,122.4000,123.0900,5110493
2021-09-13,122.9400,124.1000,122.2020,123.6200,6622769
2021-09-10,123.0200,124.3350,122.8900,122.9700,5163940
2021-09-09,122.1900,123.4900,121.8800,122.6800,5101323
2021-09-08,122.9700,123.1400,121.2300,121.8900,7983285
2021-09-07,124.6200,125.2800,123.8900,124.7000,9746856
2021-09-03,121.5800,124.4800,121.2600,123.9700,10369888
2021-09-02,120.9400,121.3900,120.4600,120.7900,6869814
2021-09-01,120.2150,121.3600,119.5600,120.4600,8603893
2021-08-31,120.0100,120.8000,118.7000,119.0100,8424941
2021-08-30,118.8800,119.5000,118.4700,118.9900,6434244
2021-08-27,118.3300,119.3000,117.6900,118.4900,6827711
2021-08-26,117.9800,118.4600,116.3500,118.1000,9892122
2021-08-25,115.7100,119.1800,115.6100,117.0300,22106785
2021-08-24,111.8200,113.0650,111.8000,112.1100,6719811
2021-08-23,110.0800,111.3300,109.2700,110.9600,9533453
2021-08-20,109.1400,109.7100,107.7300,108.1200,13042016
2021-08-19,109.0000,110.9700,107.6800,110.5200,12146912
2021-08-18,111.7400,113.0000,110.3800,110.4500,9167291
2021-08-17,113.7300,113.8500,110.7500,111.1100,13398802
2021-08-16,115.1000,115.4800,114.0950,114.6300,5439250
2021-08-13,115.0700,115.5200,114.4900,115.5000,4563785
2021-08-12,115.5500,115.9500,114.4400,115.7000,6345036
2021-08-11,116.5000,117.2900,115.2000,115.9900,4490350
2021-08-10,118.5000,119.0500,114.0800,116.3600,5132785
2021-08-09,118.4200,118.7900,117.3200,118.2200,4280237
2021-08-06,118.3700,118.6000,117.4500,118.2100,4338144
2021-08-05,119.0700,119.2400,118.2400,119.2200,4452335
2021-08-04,118.4300,119.5500,118.2800,118.7400,4253964
2021-08-03,117.3100,118.6400,116.8400,118.4100,5874719
2021-08-02,117.5000,118.3800,116.6600,116.8600,6028772
2021-07-30,115.5000,117.4200,115.1900,116.6400,6482617
2021-07-29,116.0000,117.1100,115.6100,116.1500,7132068
2021-07-28,113.9400,115.5100,113.8800,115.0700,6819729
2021-07-27,115.3200,115.4000,112.0455,113.5400,11127505
2021-07-26,115.7900,116.1000,114.8700,115.6500,6440613
2021-07-23,117.6500,117.6500,115.3300,116.7900,5773862
2021-07-22,118.0900,118.0900,116.2100,116.5600,5746523
2021-07-21,116.2300,117.8700,115.9300,117.8700,5564738
2021-07-20,115.8800,116.8700,114.4300,116.4000,7108021
2021-07-19,114.0000,115.6177,113.2300,115.3500,9230201
2021-07-16,118.7500,118.9900,115.1700,115.7400,12110018
2021-07-15,120.1200,120.7000,116.8700,117.5300,23734491
2021-07-14,125.1500,125.7800,124.0700,124.3900,10587743
2021-07-13,123.1900,125.4800,122.1300,123.9000,13460157
2021-07-12,121.1900,122.7299,119.5200,122.6300,10668671
2021-07-09,118.0000,120.7850,117.6200,120.5600,8374158
2021-07-08,115.8700,118.2750,115.3800,117.8700,7565354
2021-07-07,120.6400,121.0500,118.2050,118.2500,7391845
2021-07-06,119.8500,120.9600,118.2200,120.0500,7181463
2021-07-02,118.7500,119.1800,118.4100,118.9100,5148281
2021-07-01,120.1000,120.2055,118.0300,118.4200,8295619
2021-06-30,120.1600,120.7600,119.0116,120.1600,7936357
2021-06-29,119.4000,120.2850,118.4183,120.2300,7874887
2021-06-28,117.2900,119.9500,117.1800,119.6100,11026593
2021-06-25,117.4500,117.9250,116.5300,116.5300,6712802
2021-06-24,116.7200,117.6700,116.2700,117.2400,6772228
2021-06-23,116.2000,117.4200,115.8087,116.0500,8913726
2021-06-22,113.5000,114.4900,112.0100,114.3300,11792379
2021-06-21,115.3800,115.4000,113.0200,114.1400,11116212
2021-06-18,117.5100,117.8898,115.2100,115.7900,12532777
2021-06-17,117.6800,120.2400,117.5900,119.1200,7608083
2021-06-16,119.5500,119.8950,117.5000,118.0200,7931253
2021-06-15,120.3500,122.0000,119.2700,119.4500,8196928
2021-06-14,118.5500,121.0000,118.4600,120.9900,7610338
2021-06-11,118.2900,118.4200,117.1600,118.2500,6036625
2021-06-10,117.0400,118.8500,116.6300,118.2400,8566639
2021-06-09,116.0000,117.6500,115.9700,117.1300,6401585
2021-06-08,117.5500,117.6780,115.0600,115.9200,11564751
2021-06-07,118.1400,118.7500,117.5700,118.2200,6266010
2021-06-04,118.2300,119.8500,118.0500,119.5100,5352051
2021-06-03,118.0500,118.2600,116.4610,116.8200,4912170
2021-06-02,118.9000,119.4500,117.9200,118.9500,5383361
2021-06-01,119.7100,120.0400,117.4300,118.5100,7596056
2021-05-28,116.3000,117.8400,115.9500,117.3600,5391713
2021-05-27,116.0000,116.5300,115.0000,115.7700,6513706
