timestamp,open,high,low,close,volume
2021-10-18,212.3000,214.0000,211.2460,213.7000,993621
2021-10-15,213.8300,214.6400,212.6700,212.8000,991385
2021-10-14,209.9700,214.1200,209.5000,212.8000,1216805
2021-10-13,207.9500,211.1300,207.8450,209.4000,1159538
2021-10-12,210.4800,211.2900,207.5901,208.2600,1771028
2021-10-11,209.6800,211.3200,209.6800,209.7900,1209077
2021-10-08,210.8300,211.3800,209.1600,210.4000,918091
2021-10-07,207.8200,211.2900,207.8200,210.8300,1347515
2021-10-06,205.0000,207.3350,203.8000,207.1200,1140410
2021-10-05,206.9400,207.4400,205.0900,205.6100,1301511
2021-10-04,208.3300,209.0650,204.7700,206.1900,1499821
2021-10-01,212.1000,212.2800,208.2850,209.2100,1583349
2021-09-30,216.0000,216.6650,212.1000,212.1400,1817295
2021-09-29,215.4400,219.2700,215.4400,216.9700,1147982
2021-09-28,215.1200,216.6900,214.0300,215.2000,1461336
2021-09-27,216.8500,218.9500,216.2900,216.7600,1044887
2021-09-24,217.8400,218.2700,216.2500,217.7100,1135370
2021-09-23,219.6600,220.4600,218.3150,218.3600,855427
2021-09-22,220.0300,220.4300,217.1600,219.0200,1386710
2021-09-21,221.9800,222.8000,219.1600,219.5500,1226919
2021-09-20,220.5700,223.4200,220.0300,221.7900,1698204
2021-09-17,221.4600,224.3800,221.4600,222.1100,2306136
2021-09-16,217.0100,221.9650,217.0100,221.5600,1702264
2021-09-15,216.3400,218.0400,215.1500,216.9700,1382430
2021-09-14,217.7700,218.1800,215.2100,216.2900,1157743
2021-09-13,218.1400,220.6600,217.1100,217.6000,1327065
2021-09-10,220.7300,221.0000,217.6900,218.0500,1586330
2021-09-09,223.9400,224.1950,220.0800,220.1400,1438959
2021-09-08,221.6200,224.0800,220.7200,224.0400,1441043
2021-09-07,222.8300,223.1600,220.3500,221.5400,1236553
2021-09-03,225.3500,225.6200,221.7000,222.4500,1107864
2021-09-02,222.5000,225.0200,222.0200,224.9600,1219882
2021-09-01,222.8500,223.6700,220.6200,222.6900,1292219
2021-08-31,225.4600,226.0800,221.7700,222.9100,2568640
2021-08-30,225.5050,228.2400,224.5800,225.3600,2078581
2021-08-27,225.8300,226.3100,222.7900,225.2500,3009074
2021-08-26,220.7300,227.5700,215.1000,225.9000,5959721
2021-08-25,232.8800,235.3750,232.6700,234.7400,1563604
2021-08-24,235.0300,235.2800,232.6200,232.7500,1367423
2021-08-23,235.4900,238.5000,234.3800,234.6400,1325086
2021-08-20,232.9700,235.9300,232.0750,234.7800,1247212
2021-08-19,230.3000,234.2000,228.6000,232.4700,1138532
2021-08-18,231.7700,234.7900,230.4100,231.6400,1528693
2021-08-17,236.2500,236.2500,230.7800,231.5400,2030886
2021-08-16,235.4900,237.9800,233.8900,237.8400,1144341
2021-08-13,236.8900,237.7300,235.5000,236.7600,1288952
2021-08-12,238.5000,238.5000,234.8700,236.2800,1669803
2021-08-11,238.4200,239.3500,237.6100,238.0000,1097033
2021-08-10,236.3800,239.0836,235.7100,238.2200,1080687
2021-08-09,236.4600,236.9400,235.2100,236.3800,1096903
2021-08-06,235.9400,236.5900,234.8100,236.1500,784436
2021-08-05,235.5900,236.7200,233.8341,235.8100,1018945
2021-08-04,235.0400,236.0700,233.5600,234.9000,1091516
2021-08-03,232.9100,236.4300,232.3962,235.0500,1086010
2021-08-02,232.8700,233.3250,228.9200,232.5000,1230456
2021-07-30,232.5100,234.3500,232.4900,232.6400,1098769
2021-07-29,231.0200,233.1200,230.5200,233.0000,991137
2021-07-28,229.0000,231.3900,228.2576,230.0600,1059301
2021-07-27,230.5000,231.2400,228.9300,230.1500,879641
2021-07-26,228.6000,230.4800,227.1100,229.9700,1188158
2021-07-23,225.0100,229.1100,225.0100,228.9000,853672
2021-07-22,224.7900,226.4900,223.2200,225.5900,856016
2021-07-21,225.8400,226.1800,224.0300,224.2200,1048039
2021-07-20,224.4900,227.5600,224.1500,226.4100,1315431
2021-07-19,221.7700,224.9400,221.4200,224.2700,1927724
2021-07-16,222.7200,223.8400,221.5900,222.1700,2144839
2021-07-15,221.3800,222.2700,220.2700,221.9500,1263269
2021-07-14,220.9400,221.3500,219.3100,220.8900,936975
2021-07-13,219.4500,221.9300,219.3900,220.0200,1424072
2021-07-12,220.1600,220.5700,217.9000,219.4600,1414740
2021-07-09,219.8300,221.4200,219.3100,220.7700,2009326
2021-07-08,220.3600,221.9200,218.7450,219.6600,1424211
2021-07-07,218.9500,223.1400,218.0100,221.5000,1677312
2021-07-06,217.9300,218.9500,216.4301,218.4000,1260835
2021-07-02,218.0500,219.7100,217.6100,218.5300,1084050
2021-07-01,216.8400,218.0700,216.1300,217.8100,1263973
2021-06-30,216.9600,217.4000,215.7100,216.3900,1125716
2021-06-29,215.3100,219.0500,215.1000,216.9900,1397397
2021-06-28,212.5900,216.0800,211.9300,215.0200,1504683
2021-06-25,213.6100,214.2000,211.4300,211.9100,4079672
2021-06-24,215.1700,215.1700,213.1700,213.9000,1571098
2021-06-23,214.5000,214.9100,212.8200,214.0800,1528300
2021-06-22,214.7800,215.9900,213.6200,214.8400,1277278
2021-06-21,213.6100,214.8500,212.6700,213.9700,1650025
2021-06-18,212.0000,214.0950,211.5500,212.7000,3689941
2021-06-17,211.0900,214.3000,210.6100,213.2800,2147751
2021-06-16,212.4100,213.0300,209.8904,211.1400,2427460
2021-06-15,210.2100,212.7500,209.1700,212.1200,2012501
2021-06-14,209.6200,210.1400,207.8100,209.5500,1343115
2021-06-11,207.2100,210.4400,206.3400,209.3100,1757284
2021-06-10,204.2800,207.0400,204.2800,206.4500,1965647
2021-06-09,205.9700,206.9800,204.7000,204.9300,1823610
2021-06-08,207.1400,207.1400,204.7900,205.7200,1651027
2021-06-07,207.0300,207.0900,205.0700,206.0000,1529075
2021-06-04,206.0500,206.9700,204.5000,206.7600,1610801
2021-06-03,202.6800,206.4600,202.0000,206.0000,2008171
2021-06-02,200.9250,203.2600,199.9038,202.2300,1702425
2021-06-01,203.0000,203.4500,201.1900,201.4200,1778840
2021-05-28,205.5600,207.1350,202.2450,202.9600,2730200
2021-05-27,204.0000,208.0000,202.2500,204.3900,4110245
