timestamp,open,high,low,close,volume
2021-10-18,24.4000,24.6000,24.3800,24.5700,5904827
2021-10-15,24.3100,24.4200,24.2200,24.2500,4726590
2021-10-14,24.1100,24.3250,24.0300,24.1000,7754457
2021-10-13,23.8200,24.0300,23.5100,24.0200,5550326
2021-10-12,23.5600,23.9900,23.4700,23.9900,6460948
2021-10-11,23.6900,23.8300,23.4550,23.5000,5159085
2021-10-08,23.1500,23.5400,23.1500,23.5100,5076021
2021-10-07,22.9150,23.1600,22.8700,23.1200,8832084
2021-10-06,23.0000,23.0500,22.6400,22.8900,5776574
2021-10-05,22.9600,23.3000,22.8000,23.1000,10492210
2021-10-04,21.9900,22.7900,21.9400,22.6300,10599896
2021-10-01,21.6200,21.9800,21.5000,21.8000,8127812
2021-09-30,21.9300,21.9600,21.5750,21.6400,9178890
2021-09-29,21.8400,21.8800,21.6600,21.8800,8824705
2021-09-28,22.0900,22.2000,21.7400,21.7800,8834529
2021-09-27,21.6100,21.9800,21.5700,21.8200,11364304
2021-09-24,21.8900,21.9400,21.4350,21.4500,9416225
2021-09-23,21.8000,22.1400,21.7600,21.9000,6297998
2021-09-22,21.7300,21.9600,21.7100,21.7400,7670356
2021-09-21,21.6700,21.8500,21.4550,21.5200,7467628
2021-09-20,21.5000,21.7100,21.1700,21.4300,11037214
2021-09-17,22.1300,22.3875,21.9700,22.0000,6849347
2021-09-16,22.3100,22.3500,21.9600,22.1900,8520935
2021-09-15,22.3200,22.4900,22.1400,22.2900,6870145
2021-09-14,22.5100,22.5900,22.1800,22.2400,5415993
2021-09-13,22.2200,22.4800,22.1100,22.2900,5147216
2021-09-10,22.4500,22.4700,22.0400,22.0900,3815804
2021-09-09,22.2100,22.4700,22.1300,22.2100,5605372
2021-09-08,22.6200,22.7400,22.2700,22.3200,3321154
2021-09-07,22.6900,22.9450,22.5700,22.6200,3934520
2021-09-03,22.8500,22.8900,22.6299,22.8100,3094992
2021-09-02,22.6000,22.8800,22.5600,22.8200,3828288
2021-09-01,22.2900,22.5800,22.1900,22.4800,3952386
2021-08-31,22.2300,22.3900,22.1600,22.2600,3530092
2021-08-30,22.5700,22.5900,22.2550,22.2600,3613665
2021-08-27,22.1400,22.5452,22.1000,22.4500,4096216
2021-08-26,22.1000,22.2300,21.9500,21.9700,4836730
2021-08-25,22.1500,22.3967,21.9500,22.1800,4756613
2021-08-24,21.9900,22.2500,21.9150,22.0800,5246355
2021-08-23,21.9500,22.1100,21.8900,21.9200,7405766
2021-08-20,21.2100,21.7100,21.1200,21.5800,5324624
2021-08-19,21.5800,21.5800,21.1200,21.3000,10476206
2021-08-18,22.2300,22.2400,21.8200,21.8400,6368276
2021-08-17,22.2800,22.5500,22.0600,22.2200,5665057
2021-08-16,22.1000,22.4900,22.0350,22.4200,5847193
2021-08-13,22.8000,22.8800,22.4800,22.5200,6064060
2021-08-12,22.7600,22.8400,22.3700,22.7700,7156514
2021-08-11,22.7500,22.8900,22.5600,22.6600,6100715
2021-08-10,22.4700,22.7700,22.4100,22.7500,4614836
2021-08-09,22.2300,22.3750,22.0550,22.3600,6692640
2021-08-06,22.1800,22.4500,22.1101,22.4500,6323096
2021-08-05,22.3300,22.4400,22.0300,22.0500,7235053
2021-08-04,22.3000,22.5499,22.1250,22.2500,7259876
2021-08-03,22.3300,22.5100,22.1200,22.4600,6883780
2021-08-02,22.6000,22.8900,22.3500,22.3500,7858636
2021-07-30,22.8200,22.9700,22.5500,22.5700,5468431
2021-07-29,23.0000,23.0600,22.7650,22.8600,6791863
2021-07-28,23.5000,23.5600,23.1750,23.2400,12426208
2021-07-27,24.0500,24.1500,23.3400,23.6500,10189823
2021-07-26,23.6000,24.0700,23.5850,24.0000,5479336
2021-07-23,23.5800,23.6400,23.2600,23.5400,5692570
2021-07-22,23.6700,23.7862,23.4500,23.5200,5193135
2021-07-21,23.9000,24.0400,23.6200,23.6300,6326663
2021-07-20,23.3000,23.7800,23.2000,23.7600,6919611
2021-07-19,23.5500,23.7000,22.8000,23.2000,16739058
2021-07-16,24.1400,24.2100,23.7800,23.9000,6876700
2021-07-15,24.0600,24.1800,23.9000,23.9400,7869858
2021-07-14,24.4200,24.5850,24.0523,24.1800,5184957
2021-07-13,24.7100,24.7976,24.2800,24.3000,5026717
2021-07-12,24.2900,24.6400,24.1900,24.6000,4448277
2021-07-09,24.3000,24.5300,24.1900,24.4100,3700471
2021-07-08,23.9100,24.1200,23.6100,24.0900,5495134
2021-07-07,24.4800,24.5400,24.1100,24.1800,4576997
2021-07-06,24.7700,24.7800,24.1800,24.4700,5543217
2021-07-02,24.5100,24.5900,24.3300,24.5900,2973533
2021-07-01,24.4100,24.4800,24.1700,24.4800,4431447
2021-06-30,23.7900,24.3400,23.7800,24.1300,6662759
2021-06-29,23.6400,23.8700,23.6000,23.7000,4098111
2021-06-28,24.2300,24.2300,23.5500,23.6100,7965752
2021-06-25,24.1400,24.2400,23.9100,24.2300,4387508
2021-06-24,24.2500,24.2600,23.9700,24.1300,4892366
2021-06-23,24.2300,24.2900,24.0800,24.1900,3465456
2021-06-22,24.0500,24.1500,23.8000,24.1300,6376174
2021-06-21,24.1000,24.2800,24.0100,24.0500,9430511
2021-06-18,24.3000,24.4900,23.9300,23.9800,11655777
2021-06-17,25.3800,25.4900,24.3300,24.5600,8198803
2021-06-16,25.3800,25.5900,25.1900,25.4300,6723465
2021-06-15,25.3200,25.4900,25.1200,25.2600,7019753
2021-06-14,25.6000,25.6900,25.1450,25.3200,5222153
2021-06-11,25.2000,25.4700,25.2000,25.4400,4619152
2021-06-10,24.9000,25.0900,24.7200,25.0500,4437181
2021-06-09,24.7500,24.9500,24.6400,24.8000,4272035
2021-06-08,24.6300,24.8000,24.3100,24.7300,6000206
2021-06-07,24.5800,24.8900,24.5800,24.7000,5463932
2021-06-04,24.3000,24.5000,24.1100,24.4400,4487207
2021-06-03,24.1800,24.3500,24.1000,24.2100,3454955
2021-06-02,24.2100,24.4400,24.0400,24.3000,4142514
2021-06-01,23.9600,24.0700,23.8000,24.0700,5443751
2021-05-28,23.6300,23.6800,23.5100,23.6100,4019366
2021-05-27,23.4700,23.7100,23.3400,23.6000,4893217
