timestamp,open,high,low,close,volume
2021-10-18,15.0000,15.0400,14.8600,14.9700,1022966
2021-10-15,15.1300,15.1800,15.0300,15.0500,1133581
2021-10-14,14.9400,15.2500,14.9400,15.1300,1371239
2021-10-13,14.7200,14.9000,14.7100,14.8900,1610011
2021-10-12,14.6000,14.7800,14.5300,14.6800,2107184
2021-10-11,14.5600,14.7000,14.4200,14.4300,1810773
2021-10-08,14.5900,14.6700,14.4800,14.5200,1888736
2021-10-07,14.7000,14.8200,14.5700,14.5900,1222386
2021-10-06,14.6500,14.7000,14.4600,14.6600,1298238
2021-10-05,14.8700,14.8700,14.7000,14.7200,1723295
2021-10-04,14.6800,14.8900,14.6800,14.8500,1555963
2021-10-01,14.7200,14.7700,14.5300,14.6800,1600760
2021-09-30,14.7500,14.8300,14.6200,14.6600,1517139
2021-09-29,14.7000,14.8000,14.6300,14.7300,1077045
2021-09-28,15.1900,15.2400,14.8200,14.8400,2291583
2021-09-27,15.1100,15.3000,15.1000,15.1900,1394002
2021-09-24,15.2100,15.2600,15.1100,15.1200,1319281
2021-09-23,15.4500,15.5100,15.2200,15.2300,5375464
2021-09-22,15.2900,15.4400,15.2100,15.2900,1817261
2021-09-21,15.2200,15.4100,15.2000,15.2100,1815954
2021-09-20,15.2600,15.2800,15.0500,15.1900,1361267
2021-09-17,15.4600,15.5000,15.3100,15.3100,2198162
2021-09-16,15.5200,15.6100,15.4200,15.4900,944790
2021-09-15,15.4100,15.5800,15.3700,15.5500,1434599
2021-09-14,15.4800,15.5900,15.3800,15.4100,832146
2021-09-13,15.4600,15.5500,15.3900,15.4100,1856331
2021-09-10,15.5800,15.6300,15.3500,15.3500,968495
2021-09-09,15.6100,15.6500,15.5400,15.5500,784851
2021-09-08,15.4100,15.7000,15.4100,15.5900,1116520
2021-09-07,15.5600,15.5900,15.4200,15.4200,2177786
2021-09-03,15.6500,15.7100,15.6300,15.6400,1005657
2021-09-02,15.5900,15.7000,15.5600,15.6800,1744271
2021-09-01,15.5700,15.6400,15.5300,15.5700,1494657
2021-08-31,15.6600,15.6600,15.5100,15.5300,1280281
2021-08-30,15.6000,15.6800,15.5800,15.6200,1394324
2021-08-27,15.5300,15.6100,15.4800,15.5900,1030625
2021-08-26,15.7000,15.7300,15.5400,15.5700,1157408
2021-08-25,15.7300,15.7700,15.6100,15.7300,894729
2021-08-24,15.7800,15.8100,15.6300,15.7400,4267992
2021-08-23,15.6000,15.8100,15.5500,15.7600,2333167
2021-08-20,15.4500,15.7200,15.3100,15.6400,3423265
2021-08-19,15.3200,15.4400,15.2400,15.4200,2304570
2021-08-18,15.6600,15.6600,15.4200,15.4600,1500894
2021-08-17,15.5400,15.6100,15.4600,15.6100,950773
2021-08-16,15.6200,15.7200,15.5400,15.6100,1085094
2021-08-13,15.5600,15.8100,15.5600,15.6300,3111445
2021-08-12,15.8800,15.8900,15.4200,15.5900,2620437
2021-08-11,15.9200,16.0200,15.8900,15.9000,1135349
2021-08-10,15.8900,15.9500,15.8100,15.8800,824672
2021-08-09,16.0300,16.0300,15.8700,15.8900,749463
2021-08-06,16.0800,16.0800,15.9100,15.9200,884616
2021-08-05,15.9300,16.0900,15.8600,16.0900,2160910
2021-08-04,15.8000,15.9200,15.8000,15.8800,1085455
2021-08-03,16.0600,16.1000,15.8500,15.8900,2492957
2021-08-02,15.9400,16.0900,15.8500,16.0600,2322129
2021-07-30,15.8000,15.9800,15.7600,15.9700,5292406
2021-07-29,15.5200,15.8100,15.5200,15.7800,2330415
2021-07-28,15.4500,15.5300,15.3900,15.4600,974601
2021-07-27,15.3000,15.4300,15.2800,15.4000,1900933
2021-07-26,15.4400,15.4500,15.3000,15.3500,1086146
2021-07-23,15.3200,15.4600,15.3200,15.4400,926011
2021-07-22,15.3400,15.3600,15.2200,15.3100,853377
2021-07-21,15.1000,15.3200,15.1000,15.3200,4703454
2021-07-20,15.0000,15.1200,14.8900,15.1000,1366811
2021-07-19,15.0700,15.1100,14.7500,14.9700,2185435
2021-07-16,15.0500,15.4000,15.0500,15.2300,1849494
2021-07-15,14.9300,15.0300,14.9000,15.0300,1146208
2021-07-14,14.9700,15.0400,14.9000,14.9600,1242867
2021-07-13,15.0900,15.1200,14.9100,14.9300,913405
2021-07-12,15.1200,15.1400,15.0300,15.0900,1257306
2021-07-09,14.9300,15.1100,14.9100,15.0700,2227207
2021-07-08,14.9600,15.0100,14.8400,14.8900,3070855
2021-07-07,15.1000,15.1900,15.0600,15.1200,1640103
2021-07-06,15.1100,15.1600,14.9600,15.0900,4719238
2021-07-02,15.0700,15.0700,14.9500,15.0300,1956527
2021-07-01,14.8900,15.1100,14.8800,15.0300,1731901
2021-06-30,15.0600,15.0600,14.7600,14.8800,3214974
2021-06-29,15.2100,15.2700,14.9900,15.0000,2826407
2021-06-28,15.3600,15.4100,15.2600,15.3900,2908715
2021-06-25,15.2900,15.3900,15.2500,15.3100,3076832
2021-06-24,15.2600,15.3700,15.1800,15.2400,1324853
2021-06-23,15.3300,15.3500,15.1600,15.1800,2994193
2021-06-22,15.1600,15.3400,15.1600,15.3200,3671971
2021-06-21,15.1000,15.3100,15.0600,15.1700,4600300
2021-06-18,14.8400,15.2100,14.8200,15.0700,17207491
2021-06-17,15.2000,15.5400,14.9600,15.0000,26004652
2021-06-16,16.1500,16.2500,15.9500,15.9500,655733
2021-06-15,16.2500,16.2500,16.0700,16.0800,446699
2021-06-14,16.0800,16.2600,16.0800,16.2000,1281311
2021-06-11,15.9600,16.0900,15.8600,16.0100,757630
2021-06-10,15.8600,16.0200,15.7800,15.9400,740801
2021-06-09,15.7700,15.8600,15.7500,15.8100,1029805
2021-06-08,15.8000,15.8200,15.6100,15.6800,649421
2021-06-07,15.6700,15.8000,15.6200,15.7000,574954
2021-06-04,15.5100,15.6200,15.4600,15.5800,577614
2021-06-03,15.4000,15.5200,15.3700,15.4400,686642
2021-06-02,15.4000,15.4700,15.3000,15.4300,818527
2021-06-01,15.4800,15.5800,15.2900,15.3600,1715732
2021-05-28,15.3500,15.4200,15.2700,15.2800,644713
2021-05-27,15.4200,15.4700,15.2500,15.3300,1011503
