timestamp,open,high,low,close,volume
2021-10-18,58.4500,58.6100,58.1200,58.5600,645506
2021-10-15,58.6800,58.8700,58.4400,58.7300,1188156
2021-10-14,57.0200,58.1400,57.0200,58.0900,1357954
2021-10-13,56.6700,56.8700,56.0500,56.7700,883519
2021-10-12,56.2200,56.6500,56.0600,56.4000,1112706
2021-10-11,56.2400,56.5790,56.0600,56.2200,930419
2021-10-08,55.8100,56.4100,55.4250,56.3000,1287635
2021-10-07,54.9300,56.3500,54.9300,55.8000,1468047
2021-10-06,53.5200,54.5300,53.3900,54.3400,1325151
2021-10-05,54.0000,54.6300,53.7400,54.2400,1044548
2021-10-04,54.4800,54.5700,53.2400,53.7900,1543985
2021-10-01,53.8500,54.8800,53.2700,54.6200,1870459
2021-09-30,53.5800,54.2900,53.2700,53.5100,2956784
2021-09-29,54.1300,54.2200,53.1600,53.3400,2307343
2021-09-28,55.0000,55.0000,53.8300,53.9400,3228273
2021-09-27,55.9800,56.1000,55.3000,55.5700,1854579
2021-09-24,55.7700,56.1300,55.2700,55.9900,1240160
2021-09-23,56.0000,56.6100,55.9400,56.1900,2916911
2021-09-22,54.9500,55.9300,54.6100,55.6100,2443686
2021-09-21,52.9500,54.9000,52.8400,54.4500,3302489
2021-09-20,52.9800,53.0400,51.7000,52.3500,2125932
2021-09-17,54.8600,55.1600,53.7300,53.9600,2700423
2021-09-16,55.4100,55.8100,54.7400,55.1700,1012922
2021-09-15,55.2800,55.7300,54.8300,55.5400,1366613
2021-09-14,55.9100,56.0100,55.1500,55.2000,1164067
2021-09-13,55.4900,55.9000,55.3400,55.7900,1690855
2021-09-10,56.3500,56.3900,55.0900,55.0900,1224590
2021-09-09,55.9200,56.7100,55.6300,55.9100,1943455
2021-09-08,56.1100,56.3400,55.6800,55.9100,1165199
2021-09-07,56.5200,56.8600,56.2950,56.3600,1253935
2021-09-03,57.0600,57.0600,56.4100,56.8700,1094681
2021-09-02,56.7200,57.0600,56.6500,56.9400,1161656
2021-09-01,56.0300,56.8600,55.5400,56.5200,1602824
2021-08-31,56.2600,56.6200,55.5400,55.5500,2629408
2021-08-30,57.2000,57.2518,56.3400,56.3700,3003094
2021-08-27,56.3800,57.1350,56.3600,56.9600,1525812
2021-08-26,56.4500,56.6900,56.2500,56.3300,1168786
2021-08-25,55.8600,56.5500,55.6910,56.3900,1544561
2021-08-24,56.0100,56.2700,55.4000,55.7400,1799762
2021-08-23,56.0100,56.5500,55.9500,56.0000,2023206
2021-08-20,54.5800,55.7100,54.2700,55.6800,1923607
2021-08-19,55.0000,55.0400,54.4400,54.6000,1595392
2021-08-18,55.5400,56.3400,55.3000,55.7400,2457787
2021-08-17,56.3000,56.3200,54.8000,55.2500,5246445
2021-08-16,56.5000,56.9500,56.3700,56.6700,2778803
2021-08-13,56.8600,57.1700,56.3500,56.6800,2094477
2021-08-12,57.3200,57.5100,54.5900,56.5500,4507318
2021-08-11,57.3100,57.7000,56.9800,57.3800,2937815
2021-08-10,57.1400,57.8300,57.1400,57.2800,2006568
2021-08-09,57.0000,57.1100,56.3700,57.0500,3439985
2021-08-06,56.0000,56.9800,55.9000,56.7100,3774863
2021-08-05,55.2800,55.8700,55.2100,55.8300,1690865
2021-08-04,54.2600,55.8900,54.1900,55.1300,3728844
2021-08-03,53.8400,54.5300,53.6700,54.4400,2997662
2021-08-02,54.4400,54.7700,53.8700,54.1000,2711028
2021-07-30,54.2200,54.9000,53.8300,53.9900,3688209
2021-07-29,53.9300,54.8000,53.4300,54.6000,3002142
2021-07-28,52.2000,53.7100,51.8850,53.5700,3332221
2021-07-27,50.4000,52.3900,50.3200,52.1500,3445699
2021-07-26,51.0000,51.1600,50.5600,50.6900,5046936
2021-07-23,51.9200,52.3000,50.9700,51.2000,8058768
2021-07-22,50.9700,51.6982,50.7100,51.4300,4542872
2021-07-21,49.6900,51.1500,49.6100,50.9700,2226455
2021-07-20,47.8900,49.2700,47.6500,49.1800,3524450
2021-07-19,48.7100,48.8000,47.3300,47.8800,6353717
2021-07-16,50.5800,50.6300,49.5000,49.5700,3131888
2021-07-15,50.3800,50.6100,50.1000,50.4300,2612328
2021-07-14,50.6700,50.9200,50.4400,50.6500,2450503
2021-07-13,50.7600,50.9000,50.0800,50.4900,4143010
2021-07-12,51.1300,51.2300,50.7500,51.0200,1899690
2021-07-09,50.8200,51.2950,50.4900,51.2600,1941376
2021-07-08,50.0250,50.4850,49.2500,50.3100,3786563
2021-07-07,51.1400,51.1400,50.5700,50.9000,2477265
2021-07-06,51.2200,51.2200,50.5400,51.0500,3044196
2021-07-02,51.7100,52.0000,51.0000,51.3300,2493860
2021-07-01,51.0500,51.8000,51.0500,51.6700,1470200
2021-06-30,52.2200,52.4300,50.8800,50.9800,3245846
2021-06-29,52.0500,52.4600,51.5200,52.4500,3271435
2021-06-28,51.7600,52.5250,51.4000,51.9800,3306252
2021-06-25,51.8500,52.2100,51.4400,52.2000,3647912
2021-06-24,50.6000,51.8250,50.4300,51.6800,2781135
2021-06-23,50.5600,50.5600,49.7250,50.2000,2303231
2021-06-22,49.7300,50.4734,49.5200,50.3100,2930904
2021-06-21,49.1900,49.8200,48.9500,49.7100,2148943
2021-06-18,48.9700,49.3250,48.4700,48.8800,4665365
2021-06-17,50.2500,50.3200,49.2400,49.2700,3230455
2021-06-16,50.1400,50.9700,50.0700,50.1500,5291363
2021-06-15,49.5600,50.3900,49.5300,50.0900,2305613
2021-06-14,49.5900,49.7300,49.3550,49.5900,1754904
2021-06-11,49.8800,50.0500,49.5300,49.6300,1592218
2021-06-10,49.9000,49.9650,49.2850,49.8800,1996999
2021-06-09,50.0300,50.1300,49.5100,49.5500,1596566
2021-06-08,50.2100,50.3600,49.9500,50.0300,2177192
2021-06-07,50.1700,50.4700,49.9800,50.1300,1625264
2021-06-04,50.3800,50.4400,49.8600,50.0600,1604571
2021-06-03,49.6000,50.2050,49.3300,50.0000,2034722
2021-06-02,50.3800,50.4100,49.7100,49.9700,1846221
2021-06-01,50.6800,50.7500,50.0700,50.1800,2750711
2021-05-28,50.3500,50.5050,49.9600,50.3400,2078438
2021-05-27,49.9400,50.4000,49.7000,50.1700,3409566
