timestamp,open,high,low,close,volume
2021-10-18,443.9700,447.5500,443.2700,447.1900,61357585
2021-10-15,444.7500,446.2600,444.0900,445.8700,66260210
2021-10-14,439.0800,442.6600,438.5800,442.5000,70236825
2021-10-13,434.7100,436.0500,431.5400,435.1800,72973979
2021-10-12,435.6700,436.1000,432.7800,433.6200,71181163
2021-10-11,437.1600,440.2600,434.6200,434.6900,65233285
2021-10-08,439.4800,439.8900,437.1900,437.8600,74557404
2021-10-07,438.3900,441.6800,438.2000,438.6600,72437499
2021-10-06,429.2700,435.1199,427.5400,434.9000,113032245
2021-10-05,430.2400,435.4900,429.3900,433.1000,90682520
2021-10-04,433.0000,433.9600,426.3600,428.6400,128569957
2021-10-01,430.9800,436.0329,427.2300,434.2400,129240106
2021-09-30,436.0200,436.7700,428.7800,429.1400,140505979
2021-09-29,435.1900,437.0400,433.8500,434.4500,82329213
2021-09-28,439.6900,440.0400,432.9400,433.7200,130436306
2021-09-27,442.8100,444.0500,441.9000,442.6400,61371108
2021-09-24,441.4400,444.6700,441.2100,443.9100,62094837
2021-09-23,439.8500,444.8900,439.6000,443.1800,76395981
2021-09-22,436.0500,440.0300,433.7470,437.8600,102350143
2021-09-21,436.5300,437.9100,433.0700,433.6300,92526112
2021-09-20,434.8800,436.5600,428.8600,434.0400,166445534
2021-09-17,444.9200,445.3700,441.0200,441.4000,118425037
2021-09-16,447.3200,448.3600,444.0200,447.1700,77786735
2021-09-15,444.6200,448.4100,443.4400,447.8800,78792222
2021-09-14,448.1200,448.3400,443.2200,444.1700,78197140
2021-09-13,448.6400,448.9200,444.1100,446.5800,83738649
2021-09-10,451.0400,451.4900,445.3100,445.4400,89948174
2021-09-09,450.7000,452.5700,448.7200,448.9800,57970407
2021-09-08,450.8900,451.6700,448.8600,450.9100,56181907
2021-09-07,452.7100,452.8100,450.7423,451.4600,51671534
2021-09-03,451.9800,453.6300,451.5500,453.0800,47234364
2021-09-02,453.3200,454.0500,451.9100,453.1900,42830867
2021-09-01,452.5600,453.1100,451.5450,451.8000,48721378
2021-08-31,452.1300,452.4900,450.9200,451.5600,59300213
2021-08-30,450.9700,453.0700,450.7100,452.2300,48357355
2021-08-27,447.1200,450.6500,447.0600,450.2500,77235113
2021-08-26,448.6100,448.8600,446.1600,446.2600,57829572
2021-08-25,448.1700,449.4570,447.7700,448.9100,40529711
2021-08-24,447.9700,448.5400,447.4200,447.9700,38744714
2021-08-23,445.1600,448.2300,443.4355,447.2600,54973038
2021-08-20,440.2300,443.7100,439.7100,443.3600,72008712
2021-08-19,436.2700,441.1400,436.1200,439.8600,92812246
2021-08-18,442.9600,444.6250,438.9200,439.1800,89351931
2021-08-17,444.2400,444.9600,440.8500,444.0400,92673933
2021-08-16,444.5300,447.1100,442.8700,446.9700,73930864
2021-08-13,445.5900,445.9400,445.0700,445.9200,38673164
2021-08-12,443.6200,445.2572,442.6600,445.1100,38942418
2021-08-11,443.8200,443.8820,442.6200,443.7800,44034340
2021-08-10,442.6100,443.4400,441.8800,442.6800,43339275
2021-08-09,442.4600,442.7950,441.3100,442.1300,41222585
2021-08-06,442.1000,442.9400,441.8000,442.4900,46930008
2021-08-05,440.2200,441.8500,439.8800,441.7600,38969659
2021-08-04,439.7800,441.1243,438.7300,438.9800,46732212
2021-08-03,438.4400,441.2800,436.1000,441.1500,58053896
2021-08-02,440.3400,440.9300,437.2100,437.5900,58783297
2021-07-30,437.9100,440.0600,437.7700,438.5100,68951202
2021-07-29,439.8150,441.8000,439.8100,440.6500,45910298
2021-07-28,439.6800,440.3000,437.3100,438.8300,52472360
2021-07-27,439.9100,439.9400,435.9900,439.0100,67397137
2021-07-26,439.3100,441.0300,439.2600,441.0200,43719187
2021-07-23,437.5200,440.3000,436.7900,439.9400,63766637
2021-07-22,434.7400,435.7200,433.6900,435.4600,47878539
2021-07-21,432.3400,434.7000,431.0111,434.5500,64724389
2021-07-20,425.6800,432.4200,424.8300,431.0600,99608174
2021-07-19,426.1900,431.4089,421.9700,424.9700,147987000
2021-07-16,436.0100,436.0600,430.9200,431.3400,75874662
2021-07-15,434.8100,435.5300,432.7200,434.7500,55126358
2021-07-14,437.4000,437.9200,434.9100,436.2400,64130352
2021-07-13,436.2400,437.8400,435.3100,435.5900,52911312
2021-07-12,435.4300,437.3500,434.9700,437.0800,52889585
2021-07-09,432.5300,435.8400,430.7140,435.5200,76238584
2021-07-08,428.7800,431.7300,427.5200,430.9200,97595232
2021-07-07,433.6600,434.7600,431.5100,434.4600,63549456
2021-07-06,433.7800,434.0100,430.0100,432.9300,68710419
2021-07-02,431.6700,434.1000,430.5218,433.7200,57697668
2021-07-01,428.8700,430.6000,428.8000,430.4300,53441027
2021-06-30,427.2100,428.7800,427.1800,428.0600,64827858
2021-06-29,427.8800,428.5600,427.1300,427.7000,35970515
2021-06-28,427.1700,427.6500,425.8900,427.4700,53159581
2021-06-25,425.9000,427.0943,425.5500,426.6100,58129525
2021-06-24,424.8900,425.5500,424.6200,425.1000,45110288
2021-06-23,423.1900,424.0500,422.5100,422.6000,49445414
2021-06-22,420.8500,424.0000,420.0800,423.1100,57700303
2021-06-21,416.8000,421.0600,415.9300,420.8600,72822028
2021-06-18,417.0900,417.8281,414.7000,414.9200,118676302
2021-06-17,421.6700,423.0200,419.3200,421.9700,90949659
2021-06-16,424.6300,424.8700,419.9200,422.1100,79250069
2021-06-15,425.4200,425.4600,423.5400,424.4800,51508508
2021-06-14,424.4300,425.3700,423.1000,425.2600,42358478
2021-06-11,424.2000,424.4300,422.8200,424.3100,45570828
2021-06-10,422.9600,424.6300,421.5500,423.6100,51020147
2021-06-09,423.1800,423.2600,421.4100,421.6500,48436342
2021-06-08,423.1100,423.2100,420.3200,422.2800,47134279
2021-06-07,422.5900,422.7800,421.1900,422.1900,51555032
2021-06-04,420.7500,422.9200,418.8422,422.6000,55938789
2021-06-03,417.8500,419.9900,416.2800,418.7700,58138763
2021-06-02,420.3700,421.2300,419.2900,420.3300,49097061
2021-06-01,422.5700,422.7200,419.2000,419.6700,54216625
2021-05-28,420.9700,421.2500,419.7900,420.0400,58520164
2021-05-27,420.1700,420.7200,418.9851,419.2900,56707677
