timestamp,open,high,low,close,volume
2021-10-18,49.2100,50.2200,49.1000,49.9500,1481145
2021-10-15,47.9100,48.9500,47.8659,48.7500,1086239
2021-10-14,48.1000,48.1700,47.5100,47.9100,1723208
2021-10-13,47.4600,47.6200,46.9500,47.6200,832872
2021-10-12,47.6100,47.8800,47.2300,47.5400,896972
2021-10-11,48.0000,48.0800,47.5800,47.7100,848963
2021-10-08,46.5000,47.3200,46.3900,47.3200,777142
2021-10-07,45.9100,46.3900,45.7500,46.3200,1510118
2021-10-06,45.8700,46.1500,45.5800,45.7500,827731
2021-10-05,46.8400,47.2150,45.8700,46.1100,1216481
2021-10-04,46.1900,46.5800,45.8800,46.2500,1400686
2021-10-01,45.7900,46.1700,45.4200,45.7300,1084182
2021-09-30,46.5400,46.5400,45.4424,45.5800,1426484
2021-09-29,47.1100,47.1100,46.2201,46.3000,1079014
2021-09-28,47.7100,48.1900,47.0900,47.1100,912327
2021-09-27,46.7600,47.9800,46.7600,47.5900,1641533
2021-09-24,46.7000,46.9200,46.0950,46.2000,1066283
2021-09-23,46.3100,47.0800,46.3000,46.8200,968324
2021-09-22,46.6300,46.8600,46.2300,46.3000,1556101
2021-09-21,46.7400,46.8600,45.8400,46.3300,956831
2021-09-20,46.2900,46.6924,45.3000,45.9900,1509235
2021-09-17,46.9500,47.5800,46.9500,47.5200,1807888
2021-09-16,47.1400,47.2700,46.6600,47.2000,1462337
2021-09-15,47.9700,48.0407,47.0850,47.2100,1365326
2021-09-14,47.9700,48.0200,47.3900,47.6500,657944
2021-09-13,47.9300,48.1900,47.4100,47.7000,1543194
2021-09-10,48.5000,48.5300,47.5200,47.6000,1335957
2021-09-09,47.7100,48.6500,47.5700,48.2000,1450613
2021-09-08,49.1500,49.7190,48.0500,48.1700,1219748
2021-09-07,49.4700,50.0600,49.0400,49.0600,1050644
2021-09-03,50.1000,50.1600,49.8199,49.8900,731891
2021-09-02,49.8500,50.6399,49.8500,50.0000,535339
2021-09-01,49.4100,50.1350,49.0600,49.8400,1207501
2021-08-31,49.0000,50.0800,49.0000,49.2100,1539973
2021-08-30,49.3700,50.0452,49.1800,49.2600,1063452
2021-08-27,48.1400,49.4250,48.1400,49.2100,1059375
2021-08-26,48.3400,49.1500,47.9500,47.9500,968843
2021-08-25,47.9300,48.9000,47.7800,48.3400,1011646
2021-08-24,47.3900,48.0050,47.3000,47.7700,952407
2021-08-23,48.0800,48.2300,47.2100,47.2600,1552091
2021-08-20,46.4300,47.7800,46.3614,47.2900,996068
2021-08-19,47.1500,47.6800,46.3100,46.7700,1363505
2021-08-18,48.2900,48.5000,47.6000,47.6600,1165542
2021-08-17,48.5400,49.0500,47.8100,48.3400,986311
2021-08-16,47.1200,49.1600,47.1000,48.6700,1981990
2021-08-13,48.6200,49.2300,48.2741,48.4800,1449051
2021-08-12,47.3900,48.4300,47.3900,48.4100,852409
2021-08-11,46.9300,47.8300,46.6101,47.4900,953478
2021-08-10,46.0600,47.3900,46.0600,47.0400,1149510
2021-08-09,45.5800,46.1800,45.2200,46.0200,1114751
2021-08-06,46.0500,46.4084,45.7000,45.8000,1359933
2021-08-05,46.7700,47.5050,45.8600,45.9400,1355066
2021-08-04,47.6200,48.4600,47.4400,47.6100,1767386
2021-08-03,47.1800,48.1194,46.7500,48.0100,1463834
2021-08-02,46.6500,47.8100,46.6400,46.9000,1546821
2021-07-30,47.6500,47.6500,46.5900,46.6000,1405124
2021-07-29,48.0500,48.0700,47.0200,47.6200,1113003
2021-07-28,47.7200,47.8900,47.0600,47.6400,587677
2021-07-27,48.0000,48.0300,47.3400,47.5400,659333
2021-07-26,46.4700,47.9500,46.4400,47.8700,974420
2021-07-23,46.5900,46.6900,45.8500,46.3500,1247257
2021-07-22,46.6000,46.8199,46.0600,46.3400,994436
2021-07-21,47.2000,47.9600,46.3600,46.3800,1052702
2021-07-20,45.7200,46.6600,45.2700,46.6500,940767
2021-07-19,45.7000,45.8900,44.7600,45.1800,2007312
2021-07-16,46.6500,46.7900,46.1500,46.5700,917582
2021-07-15,46.6000,46.8700,46.1900,46.4800,962652
2021-07-14,47.4800,47.8586,46.6200,46.9100,923141
2021-07-13,48.0000,48.0900,47.1200,47.2100,670344
2021-07-12,48.1000,48.2200,47.6600,48.0200,733378
2021-07-09,48.3700,48.7800,48.1800,48.3900,918348
2021-07-08,47.7000,48.3800,47.3500,48.2200,683403
2021-07-07,48.6200,49.1900,47.8500,48.2400,790432
2021-07-06,49.1000,49.1500,47.9500,48.8800,1171445
2021-07-02,48.9900,49.1800,48.5500,49.0800,930228
2021-07-01,49.5000,49.6000,48.5000,49.0200,1138307
2021-06-30,48.6500,49.3100,48.3000,48.9100,1099734
2021-06-29,48.5000,49.0300,48.2000,48.2200,781359
2021-06-28,49.7800,49.7800,48.4450,48.4700,1185108
2021-06-25,50.1000,50.1000,49.5200,49.7300,950247
2021-06-24,50.2000,50.3500,49.7500,50.1700,1004683
2021-06-23,50.8100,51.1400,50.1600,50.1900,988508
2021-06-22,51.0300,51.0300,50.3850,50.8300,1728326
2021-06-21,50.4900,51.4300,50.2559,50.9800,952939
2021-06-18,50.2300,50.6400,49.8000,50.0200,1269531
2021-06-17,53.2000,53.2000,50.4200,50.6800,1805460
2021-06-16,52.6200,53.2500,52.2800,53.2300,868733
2021-06-15,53.4800,53.5000,52.2250,52.6200,922097
2021-06-14,53.4300,53.6500,52.8300,53.4800,926478
2021-06-11,53.5400,53.8500,52.9700,53.1500,777659
2021-06-10,52.4700,53.5400,52.1500,53.5300,1206168
2021-06-09,51.3000,52.4000,51.0800,52.0500,878213
2021-06-08,51.6800,51.8850,50.9400,51.2000,942665
2021-06-07,52.0600,52.4199,51.6700,51.6800,1082571
2021-06-04,51.6300,52.1000,51.3505,51.9600,818492
2021-06-03,51.1000,51.9050,50.7100,51.6200,1048689
2021-06-02,50.5000,51.1800,50.3000,51.1400,842822
2021-06-01,49.5100,50.4800,49.5100,50.3300,1273670
2021-05-28,49.5100,49.5100,48.9900,49.2900,814223
2021-05-27,49.0300,49.3700,48.7800,49.1300,923442
