timestamp,open,high,low,close,volume
2021-10-18,35.8500,35.9700,35.6700,35.9000,3217110
2021-10-15,36.1200,36.1750,35.9300,36.1000,3047867
2021-10-14,36.0500,36.0800,35.7200,36.0600,3587537
2021-10-13,35.1400,35.6300,35.0500,35.5600,3967527
2021-10-12,34.7800,35.1800,34.5000,34.7400,5789016
2021-10-11,34.8400,35.0064,34.6800,34.7700,2993544
2021-10-08,34.7800,34.9650,34.7350,34.8900,2859495
2021-10-07,34.8400,35.0000,34.6350,34.6500,4374080
2021-10-06,34.6400,34.9300,34.3100,34.9100,4347363
2021-10-05,35.2200,35.2500,34.8850,35.0900,4163454
2021-10-04,35.0200,35.5200,35.0100,35.3500,3787091
2021-10-01,34.8500,35.0700,34.5900,34.8500,6360560
2021-09-30,36.0300,36.0700,35.0900,35.2800,10797979
2021-09-29,36.8100,37.2733,36.7201,37.2100,5325059
2021-09-28,36.8000,37.0150,36.6030,36.8900,4752091
2021-09-27,36.6200,37.0000,36.5700,36.9000,3828241
2021-09-24,36.5900,36.7350,36.5000,36.5100,2773013
2021-09-23,36.7100,37.0000,36.6800,36.8700,1814852
2021-09-22,36.5600,36.9400,36.5200,36.6600,2488159
2021-09-21,36.4900,36.7800,36.4100,36.4700,2302454
2021-09-20,36.0700,36.4200,36.0100,36.2700,3586326
2021-09-17,36.9900,37.0550,36.5550,36.7000,3175512
2021-09-16,37.3000,37.3000,36.8250,37.0200,2329657
2021-09-15,37.1300,37.3650,37.0000,37.2000,2852615
2021-09-14,37.2400,37.2600,36.8400,36.8500,2299855
2021-09-13,37.0400,37.2600,36.9027,36.9900,2723765
2021-09-10,37.0900,37.1500,36.8350,36.9500,2679359
2021-09-09,37.1200,37.1600,37.0000,37.0300,3132211
2021-09-08,37.5000,37.7500,37.4150,37.7400,2181792
2021-09-07,37.6300,37.8100,37.5993,37.6000,2094035
2021-09-03,37.5800,37.8000,37.5000,37.7600,1385789
2021-09-02,37.5800,37.8199,37.5150,37.7500,1471441
2021-09-01,37.6800,37.7200,37.3650,37.5000,1851854
2021-08-31,37.6100,37.7770,37.5400,37.6900,2367789
2021-08-30,37.4300,37.5800,37.3501,37.4900,2095524
2021-08-27,37.0200,37.3500,36.9655,37.2900,1713076
2021-08-26,37.0000,37.1250,36.8500,36.9200,2132293
2021-08-25,36.8100,37.2400,36.6900,37.1100,3690039
2021-08-24,36.8800,36.9300,36.7100,36.7800,3242246
2021-08-23,37.4200,37.4500,37.0600,37.0700,1852637
2021-08-20,36.8200,37.1000,36.7500,36.9900,3669497
2021-08-19,36.6800,36.8400,36.3650,36.5500,3652379
2021-08-18,37.2700,37.2900,37.0000,37.0000,2514760
2021-08-17,37.2000,37.5256,37.0250,37.2700,2403500
2021-08-16,37.2500,37.3300,37.0600,37.2900,2360248
2021-08-13,37.2600,37.5300,37.2500,37.4600,1884387
2021-08-12,37.4100,37.4300,37.0400,37.2000,2572593
2021-08-11,37.2500,37.5200,37.1900,37.4700,2226418
2021-08-10,36.8600,37.1700,36.7200,37.1000,2977302
2021-08-09,37.2100,37.2400,37.0100,37.2000,1973518
2021-08-06,37.1700,37.2785,36.9600,37.2100,2930647
2021-08-05,37.4000,37.5000,37.2300,37.3100,1737186
2021-08-04,37.8800,37.8900,37.3500,37.4300,1929044
2021-08-03,37.8400,37.9497,37.6050,37.8800,1650935
2021-08-02,37.7200,37.8950,37.5000,37.5000,1856146
2021-07-30,37.6800,37.8200,37.3500,37.4500,2750319
2021-07-29,37.9600,38.3400,37.9250,38.1700,2118141
2021-07-28,38.1000,38.2300,37.8700,37.9300,2803441
2021-07-27,38.3100,38.6800,38.1200,38.6000,2836024
2021-07-26,38.3600,38.4500,38.2700,38.4100,1704246
2021-07-23,38.1250,38.3400,38.0600,38.2700,1595753
2021-07-22,37.8000,37.8677,37.5350,37.6800,2517310
2021-07-21,37.5300,37.9857,37.5300,37.8800,2138052
2021-07-20,37.2400,37.7000,37.1300,37.3400,3526579
2021-07-19,38.3400,38.3650,37.3950,37.6600,4567703
2021-07-16,39.5000,39.5990,39.0050,39.0600,2742439
2021-07-15,38.9300,39.0850,38.7400,38.9000,2047133
2021-07-14,38.6400,39.0900,38.4700,39.0100,2171675
2021-07-13,38.7400,38.8481,38.4200,38.4600,2055758
2021-07-12,38.6200,38.8299,38.4750,38.7100,1908886
2021-07-09,38.3600,38.6300,38.3300,38.5400,1894434
2021-07-08,38.1300,38.2900,38.0000,38.0800,2610693
2021-07-07,38.9700,39.2700,38.9700,39.1200,2446861
2021-07-06,39.4500,39.4600,38.8050,39.0200,3401144
2021-07-02,39.4000,39.5900,39.1500,39.5200,2803280
2021-07-01,39.1300,39.5100,39.0500,39.4300,3139127
2021-06-30,39.1000,39.4050,39.0300,39.3100,2450463
2021-06-29,39.7400,39.8400,39.3500,39.4700,3576525
2021-06-28,39.6000,39.6900,39.4200,39.6700,3090312
2021-06-25,39.1000,39.4400,38.9600,39.4300,2662564
2021-06-24,38.9300,39.1200,38.8100,39.0800,2207355
2021-06-23,39.2400,39.2650,38.9500,38.9600,2241698
2021-06-22,39.1300,39.1900,39.0200,39.0600,2137831
2021-06-21,38.9700,39.5600,38.9600,39.4500,2792370
2021-06-18,39.1300,39.1400,38.6900,38.8900,4057955
2021-06-17,40.0000,40.1600,39.5800,39.7000,3392520
2021-06-16,40.2000,40.3250,39.9050,40.0100,2061242
2021-06-15,40.4500,40.6150,40.1250,40.2700,2563403
2021-06-14,40.0200,40.2700,39.7200,40.2700,3000161
2021-06-11,40.1100,40.1100,39.7700,40.0900,2175772
2021-06-10,40.0800,40.3300,40.0050,40.1100,2038151
2021-06-09,39.8900,40.0300,39.7500,39.9300,2244133
2021-06-08,40.0000,40.1500,39.6000,39.6200,2702855
2021-06-07,39.3900,39.9300,39.3050,39.9300,3098624
2021-06-04,39.1000,39.1600,38.8600,39.0500,1726449
2021-06-03,38.7900,39.0900,38.7000,39.0800,2909182
2021-06-02,38.9100,39.1000,38.6600,39.1000,2391017
2021-06-01,38.8100,38.9500,38.6000,38.6600,2711615
2021-05-28,38.9100,39.0250,38.6100,38.6700,3437135
2021-05-27,39.3200,39.6100,39.2000,39.2000,3132657
