timestamp,open,high,low,close,volume
2021-10-14,78.1700,78.9800,76.5000,76.8000,1584942
2021-10-13,74.5900,76.2800,74.2400,75.9600,2192654
2021-10-12,72.2200,74.2000,71.7200,73.6600,855144
2021-10-11,70.5900,72.5500,70.2900,71.5300,536533
2021-10-08,72.0500,73.0000,70.5200,71.2400,1343133
2021-10-07,71.8400,74.2200,71.6000,71.8600,1628920
2021-10-06,69.9700,71.5385,69.8000,71.2000,1555409
2021-10-05,70.8100,71.7100,70.1700,70.5000,1783915
2021-10-04,72.2700,72.2700,68.8500,69.9700,1391660
2021-10-01,71.4800,73.0200,71.0201,72.8000,1354404
2021-09-30,70.7800,72.4000,70.7250,70.9700,1452517
2021-09-29,69.2400,70.7900,68.8900,70.1400,1521870
2021-09-28,71.2200,71.4550,68.0600,68.7500,2536709
2021-09-27,73.3100,73.5800,71.3150,72.6900,2112042
2021-09-24,73.5000,74.3400,72.3800,73.9700,1116372
2021-09-23,72.4800,73.9273,72.0100,73.7800,1182269
2021-09-22,70.5200,72.0700,70.2700,71.8500,785448
2021-09-21,71.0200,71.3100,70.0500,70.2700,755378
2021-09-20,70.0100,71.1600,69.3000,70.3000,814728
2021-09-17,72.8900,73.0800,71.1450,71.5500,1682071
2021-09-16,71.0700,72.7100,71.0000,72.4400,779224
2021-09-15,70.6700,71.6100,70.5000,71.0100,960991
2021-09-14,69.7000,71.2300,69.5000,70.6100,867223
2021-09-13,70.5000,70.8800,67.8501,69.1600,813969
2021-09-10,71.2500,71.5100,70.0500,70.1200,854168
2021-09-09,70.2300,71.1410,70.0700,70.6400,761560
2021-09-08,70.4600,71.1650,69.9200,69.9800,1095501
2021-09-07,71.0700,71.6500,70.2800,70.7700,1276745
2021-09-03,69.3000,71.1800,69.3000,70.9300,1416649
2021-09-02,69.3400,69.7750,68.9500,69.2700,778473
2021-09-01,69.0000,70.1800,68.8650,69.0400,1515220
2021-08-31,68.0200,68.8100,67.3100,68.7300,1703242
2021-08-30,67.4600,68.2200,66.7500,68.0800,2146228
2021-08-27,66.7200,67.5200,66.6900,66.9700,1390631
2021-08-26,67.6000,68.0000,66.4400,66.5700,1319742
2021-08-25,65.8700,68.1100,65.5550,67.2500,2369542
2021-08-24,65.3300,66.3100,65.0000,65.5900,1203292
2021-08-23,62.8000,64.7250,62.5900,64.5900,1040657
2021-08-20,62.1000,62.7600,61.4000,62.3700,1363170
2021-08-19,61.7800,63.2300,61.7800,62.0200,1432134
2021-08-18,61.9400,63.4500,61.8300,62.7000,1272737
2021-08-17,61.5500,62.1600,60.8200,62.0200,1108391
2021-08-16,61.9900,63.2200,60.9400,62.2500,1236550
2021-08-13,63.3800,64.2050,63.2200,63.6500,1178960
2021-08-12,62.8700,64.3450,62.7200,63.4400,1157849
2021-08-11,64.3100,64.7500,62.6400,63.0500,2784924
2021-08-10,65.4600,65.8700,63.8000,64.1800,847613
2021-08-09,64.7100,65.5000,63.8800,65.1600,623434
2021-08-06,66.3700,66.6500,64.2000,64.7700,1154953
2021-08-05,65.5000,66.8000,64.7000,64.9700,2597561
2021-08-04,65.0600,65.8050,64.6900,65.4600,1881672
2021-08-03,64.1200,65.1450,64.1200,64.6000,1634337
2021-08-02,64.1100,64.9700,62.9000,64.1200,1259409
2021-07-30,63.1400,64.5500,63.0900,63.8700,1266488
2021-07-29,62.9200,64.6500,62.3300,63.7100,1628029
2021-07-28,60.9100,62.8500,60.4100,62.2200,2094312
2021-07-27,62.7400,62.9800,61.0400,62.4900,1689748
2021-07-26,63.1500,63.4800,61.6700,62.4800,1238172
2021-07-23,62.6000,63.5490,61.8900,63.4800,1340703
2021-07-22,61.8700,62.4700,61.0760,62.3400,1501419
2021-07-21,60.4700,61.7800,59.3200,61.6000,1094347
2021-07-20,58.3800,61.3300,58.0900,60.4700,1474343
2021-07-19,57.5000,58.7600,57.0000,58.3000,718280
2021-07-16,58.8000,59.3100,58.2300,58.5700,615924
2021-07-15,59.1000,59.6000,57.8400,58.2200,1197947
2021-07-14,61.4000,61.9800,59.2700,59.3500,822010
2021-07-13,61.5000,61.9200,60.3400,60.8000,771297
2021-07-12,62.4000,62.9800,61.3084,61.6700,1456084
2021-07-09,61.0300,61.9600,60.7300,61.8100,1059797
2021-07-08,60.7500,61.2100,59.2700,60.5400,1406562
2021-07-07,62.3700,62.8600,61.0509,62.3000,1819342
2021-07-06,59.7000,61.8600,59.5000,61.5100,1549241
2021-07-02,60.0900,61.1000,59.5000,59.7000,1172841
2021-07-01,58.2100,59.7100,57.8000,59.6500,917241
2021-06-30,60.2900,60.3450,58.3800,58.4200,2074309
2021-06-29,59.9000,60.8700,59.2700,60.6100,1198504
2021-06-28,60.0000,60.6500,59.6500,59.9900,948330
2021-06-25,59.7400,59.8700,58.6300,59.6800,1420791
2021-06-24,59.5000,59.9800,59.0300,59.6600,1361490
2021-06-23,58.8500,59.2500,58.2700,58.8200,1183301
2021-06-22,57.8300,58.9700,57.4000,58.8500,1112921
2021-06-21,57.2100,58.9900,56.4100,57.7700,1755249
2021-06-18,56.0200,57.9800,55.7450,57.0500,2286486
2021-06-17,54.6200,56.3999,54.4200,56.1100,1313988
2021-06-16,55.1300,55.9000,53.8400,55.0000,1334650
2021-06-15,56.0000,56.0300,54.7200,55.0200,1268944
2021-06-14,55.6100,57.0400,55.4500,56.1600,1671427
2021-06-11,54.5600,55.4700,54.2000,55.4400,771841
2021-06-10,53.0200,54.5750,52.5450,54.4700,1053530
2021-06-09,54.3100,54.8500,53.0100,53.2300,944781
2021-06-08,52.0400,54.2500,51.7500,53.9900,3962344
2021-06-07,50.6000,51.6900,50.0600,51.6200,747311
2021-06-04,50.4600,51.4300,50.3550,50.9300,869878
2021-06-03,51.2500,51.5300,49.8400,49.8900,935412
2021-06-02,51.3900,52.0000,50.9250,51.7300,978407
2021-06-01,51.7300,52.2499,50.5100,51.2900,1297177
2021-05-28,51.7050,53.0500,51.5800,51.7400,958879
2021-05-27,51.3500,51.6700,50.0500,51.5100,1700377
2021-05-26,51.7200,52.0100,51.0000,51.7900,1580017
2021-05-25,50.9200,51.8500,50.3800,51.1600,1804192
