timestamp,open,high,low,close,volume
2021-10-14,96.8000,97.3500,94.3700,95.2800,7911808
2021-10-13,96.1000,96.9900,95.9500,96.4000,9461742
2021-10-12,95.8300,96.5200,95.2600,95.5700,9964109
2021-10-11,94.2900,96.8000,94.2000,95.2900,12959279
2021-10-08,92.3800,95.0200,92.1100,94.3900,13202330
2021-10-07,91.7100,92.8800,91.6500,92.3100,9124444
2021-10-06,90.4200,91.5000,89.6500,91.3400,10268251
2021-10-05,89.3500,91.9700,89.1682,91.4900,9788585
2021-10-04,89.4800,90.4336,88.9600,89.2600,10853862
2021-10-01,87.7600,90.2650,87.5950,89.7400,13320918
2021-09-30,91.2500,91.5800,87.1200,87.1300,15651919
2021-09-29,91.1500,92.0800,91.0000,91.2500,12007329
2021-09-28,90.6400,92.2700,90.0514,90.4900,15041761
2021-09-27,89.7800,91.3050,89.1500,91.0400,11532971
2021-09-24,89.2700,90.0600,88.9400,89.9400,7617784
2021-09-23,88.9400,90.0600,88.6600,89.4200,9720231
2021-09-22,87.6150,89.0000,87.2400,88.4400,9908007
2021-09-21,86.7400,87.6600,86.1200,86.9200,11124697
2021-09-20,85.0300,87.4100,84.9300,86.1700,13897724
2021-09-17,86.2050,87.5700,85.9500,86.3900,58069781
2021-09-16,87.6700,87.9700,86.1900,87.2500,12410530
2021-09-15,86.5500,88.3600,86.1700,87.7300,14951102
2021-09-14,86.1900,86.9500,84.7300,86.3900,22714211
2021-09-13,90.1200,90.5100,88.2300,88.8900,18883408
2021-09-10,89.6500,90.5500,89.5100,89.6800,10547389
2021-09-09,89.6000,90.8300,89.4100,89.5400,11034731
2021-09-08,88.1400,89.6000,87.9700,89.4700,8851215
2021-09-07,90.0400,90.6700,88.5400,88.7200,11046158
2021-09-03,89.3400,90.4757,89.3000,90.0000,8457134
2021-09-02,90.1700,90.5000,89.4100,89.8000,7717680
2021-09-01,89.2600,90.1700,88.8700,89.9500,8208004
2021-08-31,89.4500,89.5000,88.4900,89.1300,8113258
2021-08-30,89.4600,89.9814,89.3000,89.4500,5356951
2021-08-27,88.7900,89.5200,88.6100,89.3500,5426758
2021-08-26,88.8100,89.1800,88.4600,88.7200,9093352
2021-08-25,88.5500,88.9000,88.0500,88.6200,5748627
2021-08-24,89.2100,89.6500,88.4700,88.5500,6320123
2021-08-23,89.4900,89.5690,88.7100,89.1200,7147300
2021-08-20,88.8000,89.4000,88.3000,88.9400,8716473
2021-08-19,88.2900,89.3900,88.2313,88.7100,8099673
2021-08-18,90.4900,91.0450,88.8600,88.9400,7666310
2021-08-17,90.9900,91.7750,90.3669,90.9500,6738472
2021-08-16,89.8600,90.8400,89.5401,90.8200,7123782
2021-08-13,90.6200,91.3400,89.9500,90.3800,6610037
2021-08-12,89.1100,89.9800,88.6700,89.8100,5687319
2021-08-11,89.9000,90.4200,89.5100,89.6300,8009834
2021-08-10,89.1000,90.1150,88.9300,89.6400,5473399
2021-08-09,89.4600,90.4700,89.1000,89.9000,5798690
2021-08-06,89.2400,89.8800,88.8200,89.5200,6513914
2021-08-05,90.1800,90.5200,88.7550,89.4300,8231282
2021-08-04,89.7900,90.0900,89.2800,90.0500,7509939
2021-08-03,87.8800,90.1650,87.8100,89.7400,9889768
2021-08-02,87.7300,87.9300,87.0900,87.6000,5579320
2021-07-30,87.4100,88.1500,86.8700,87.1400,7962771
2021-07-29,87.6800,88.2600,87.3250,87.6300,6192924
2021-07-28,87.9000,87.9450,87.1200,87.1800,6397023
2021-07-27,87.7600,88.6000,87.1200,87.8000,8465196
2021-07-26,87.4400,88.1000,86.6700,87.8600,10454091
2021-07-23,90.9900,91.2000,87.1150,87.6900,12680902
2021-07-22,90.0000,91.1400,89.6800,90.6900,13639256
2021-07-21,88.8900,90.2450,88.4550,89.6900,13108092
2021-07-20,87.1000,89.0500,87.0200,88.6600,12813858
2021-07-19,86.9100,87.8700,86.1850,86.9800,15619867
2021-07-16,86.7500,88.4750,86.5200,87.4900,14617487
2021-07-15,88.1000,88.7700,85.5100,86.2400,18306277
2021-07-14,87.0800,88.6700,86.6600,88.2800,13330546
2021-07-13,86.7000,87.9300,86.5300,87.0700,12789253
2021-07-12,87.5300,88.8500,86.9700,87.0800,16076792
2021-07-09,85.8800,88.4000,85.7800,87.7600,15685337
2021-07-08,85.0200,86.8900,84.6550,85.5900,16383270
2021-07-07,83.1700,87.1700,82.9600,86.0900,20976638
2021-07-06,81.6000,83.6300,81.3600,83.0800,14200383
2021-07-02,79.4500,82.2600,79.3500,81.8200,15258432
2021-07-01,77.9800,79.6200,77.9100,79.5400,13108048
2021-06-30,77.5900,78.2100,77.5800,77.8400,7899840
2021-06-29,78.5400,78.5900,77.8200,78.1000,5392865
2021-06-28,78.4900,78.9650,78.3300,78.5000,5605358
2021-06-25,78.0300,78.6100,77.5630,78.4600,12845044
2021-06-24,78.6500,78.9600,77.6050,77.7400,9623990
2021-06-23,78.7600,78.8700,78.0600,78.1000,7295957
2021-06-22,78.0600,79.1900,77.6600,78.6800,9845790
2021-06-21,76.6100,78.1000,76.5500,77.9900,8924329
2021-06-18,76.9000,76.9100,75.9750,76.2300,22521187
2021-06-17,76.9900,77.7400,76.5600,77.5600,14836059
2021-06-16,77.9900,78.5500,75.9000,77.0800,36431384
2021-06-15,82.0000,82.5100,81.3500,81.6400,17298048
2021-06-14,83.0000,83.1000,82.1300,82.6200,10173176
2021-06-11,81.9800,83.2400,81.8400,82.9000,11066521
2021-06-10,84.1600,84.4600,81.7100,82.3000,16680776
2021-06-09,84.6000,84.8300,84.0300,84.5200,9720292
2021-06-08,84.0300,85.0300,83.9950,84.6100,10726824
2021-06-07,82.9400,84.2500,82.8500,83.9400,10445620
2021-06-04,81.4150,83.9600,81.3700,82.8900,14502894
2021-06-03,79.8000,81.4600,79.6500,81.0900,12038728
2021-06-02,79.7000,80.9300,79.5100,80.2700,12249543
2021-06-01,79.5800,79.8300,78.4800,79.5700,10485636
2021-05-28,78.9500,79.3600,78.6700,78.7400,6929875
2021-05-27,79.5000,80.0500,78.8400,78.9800,12867810
2021-05-26,78.5900,79.3700,78.5510,79.2600,12851068
2021-05-25,79.6150,79.6800,78.6500,78.8300,7160582
