timestamp,open,high,low,close,volume
2021-10-14,9.9300,10.4600,9.8100,10.2600,14446525
2021-10-13,9.5900,10.1700,9.5900,9.8100,14299207
2021-10-12,9.3300,9.4800,9.2500,9.3400,4628763
2021-10-11,9.3500,9.5100,9.2500,9.2800,6246241
2021-10-08,9.5600,9.5900,9.3600,9.3900,4695863
2021-10-07,9.4700,9.7500,9.2900,9.6000,5519378
2021-10-06,9.3700,9.4500,9.1000,9.3600,9246566
2021-10-05,9.6300,9.8300,9.5000,9.5200,6225180
2021-10-04,9.6600,9.7200,9.3500,9.6000,9718777
2021-10-01,9.7900,9.9100,9.5800,9.7000,5291854
2021-09-30,9.6200,9.9775,9.4700,9.7300,9538974
2021-09-29,9.8300,9.9250,9.5600,9.6000,6504966
2021-09-28,9.9900,10.0800,9.7700,9.7900,8733289
2021-09-27,10.3200,10.3500,9.9600,10.1400,9017327
2021-09-24,10.4600,10.5300,10.1420,10.3800,10571055
2021-09-23,10.2000,11.0500,9.9600,10.6000,40686074
2021-09-22,9.5000,9.7900,9.4100,9.5600,14260527
2021-09-21,9.5400,9.6000,9.2600,9.3700,8769762
2021-09-20,9.7600,9.7900,9.2400,9.4300,12485457
2021-09-17,10.0800,10.2200,9.9200,10.0300,10477760
2021-09-16,10.1300,10.1700,9.9550,10.1600,6179511
2021-09-15,10.0300,10.1499,9.9000,10.1300,5364819
2021-09-14,10.4700,10.4900,9.9350,10.0400,7090544
2021-09-13,10.4300,10.7500,10.2600,10.4700,6341400
2021-09-10,10.7500,10.8600,10.3700,10.4200,4956270
2021-09-09,10.4000,11.1250,10.3500,10.7300,9318857
2021-09-08,10.7900,10.8400,10.3800,10.3900,6629191
2021-09-07,11.0900,11.2200,10.7600,10.8300,7675132
2021-09-03,11.2000,11.4400,11.0100,11.0700,4787957
2021-09-02,11.7700,11.8400,11.0700,11.2500,8590562
2021-09-01,11.4500,12.0121,11.4100,11.6800,14304157
2021-08-31,11.2200,11.5400,11.1110,11.4100,8772564
2021-08-30,11.3300,11.5200,10.9100,11.2100,10341696
2021-08-27,10.8100,11.4000,10.8000,11.3000,12692230
2021-08-26,10.7300,11.1800,10.5600,10.8100,13356690
2021-08-25,11.2300,11.6800,10.6600,10.7400,26337615
2021-08-24,10.1300,11.3400,10.1300,11.1000,24435424
2021-08-23,9.7000,10.2400,9.6700,10.1400,8709250
2021-08-20,9.5700,9.8100,9.4800,9.6300,5342536
2021-08-19,9.8800,9.9800,9.5300,9.5600,7847819
2021-08-18,9.8100,10.3300,9.7200,10.0800,9795999
2021-08-17,9.6000,9.8700,9.4800,9.6700,9442670
2021-08-16,9.8200,9.8900,9.5600,9.6700,7515422
2021-08-13,10.1100,10.1699,9.8600,9.8800,5752644
2021-08-12,10.2900,10.4400,10.0700,10.1700,3696436
2021-08-11,10.4100,10.4400,10.0700,10.3200,5142831
2021-08-10,10.4100,10.6500,10.2800,10.3700,4915670
2021-08-09,10.2500,10.5400,10.1900,10.4100,6133450
2021-08-06,10.3300,10.4600,10.2000,10.2900,4492880
2021-08-05,9.9100,10.6300,9.8700,10.4300,10969338
2021-08-04,10.1100,10.2316,9.8200,9.8700,7245488
2021-08-03,10.0900,10.1800,9.8700,10.1700,5764534
2021-08-02,10.2000,10.4100,10.0900,10.1000,4727243
2021-07-30,10.2900,10.4900,10.0501,10.1600,5346120
2021-07-29,10.5600,10.6978,10.2950,10.3500,7994289
2021-07-28,9.9700,11.0000,9.9700,10.7700,15858236
2021-07-27,10.1600,10.1800,9.6400,9.9100,8996865
2021-07-26,10.2100,10.4100,9.9600,10.1600,8374040
2021-07-23,10.3800,10.4380,10.0400,10.1800,4737431
2021-07-22,10.7400,10.9000,10.3500,10.3800,4596068
2021-07-21,10.4300,10.8700,10.4000,10.8200,7894261
2021-07-20,9.9800,10.7200,9.9401,10.6200,11079654
2021-07-19,9.8200,10.0899,9.6600,9.8800,12812547
2021-07-16,10.5800,10.6900,9.9600,10.1100,10336018
2021-07-15,10.4900,10.9100,10.2400,10.5700,12855744
2021-07-14,11.1400,11.2100,10.5400,10.6600,9783424
2021-07-13,11.1700,11.4200,10.8700,11.0800,6825479
2021-07-12,11.7700,11.8322,11.1700,11.2500,7346835
2021-07-09,11.4900,11.8000,11.4000,11.7900,5444535
2021-07-08,11.0800,11.7800,10.9000,11.5500,12555788
2021-07-07,12.0800,12.1400,11.3700,11.4400,12343250
2021-07-06,12.0400,12.3900,11.9750,12.0700,10881226
2021-07-02,12.0800,12.2450,11.8200,11.9900,10381407
2021-07-01,12.1800,12.2700,11.8655,12.1700,12244127
2021-06-30,12.1100,12.5100,11.9500,12.2200,13816706
2021-06-29,12.5300,12.6905,12.1900,12.2400,14336758
2021-06-28,12.0600,12.8600,12.0400,12.8000,31117766
2021-06-25,12.2100,12.4600,11.7600,12.1200,36954177
2021-06-24,13.2300,13.3300,12.6400,12.6800,22158951
2021-06-23,13.2600,13.4700,12.9100,13.1400,22997587
2021-06-22,12.7700,13.5700,12.4000,13.4100,32563290
2021-06-21,12.8700,12.9700,12.3200,12.8000,23253556
2021-06-18,13.5400,13.8700,12.6200,12.9000,38351366
2021-06-17,12.6600,13.6599,12.5900,13.5100,43188037
2021-06-16,13.6500,13.7988,12.5900,12.8800,43753957
2021-06-15,13.9400,14.4114,13.5500,13.9900,39804651
2021-06-14,14.2400,14.7500,13.8100,14.0500,47531974
2021-06-11,14.1200,14.3300,13.5700,14.1800,56132837
2021-06-10,14.7500,15.2400,13.8000,13.8900,68611412
2021-06-09,15.4300,16.1800,14.3000,15.1600,103503086
2021-06-08,16.4800,17.1700,15.2500,15.8000,162544213
2021-06-07,14.4500,16.6000,14.1200,15.7700,197778243
2021-06-04,15.9600,16.3500,13.7000,13.8600,174183665
2021-06-03,18.9400,20.1700,13.5600,15.8800,536739367
2021-06-02,12.9100,16.6600,12.3300,15.2500,346138295
2021-06-01,11.2300,11.6100,10.5200,11.5600,87552433
2021-05-28,10.3100,12.0900,9.9350,10.0700,116152036
2021-05-27,9.7000,10.1500,9.2500,9.9700,45662099
2021-05-26,8.7900,9.6000,8.6900,9.4400,26504868
2021-05-25,8.6400,8.7010,8.4650,8.5900,7590872
