timestamp,open,high,low,close,volume
2021-07-21,45.2000,45.2000,45.2000,45.2000,0
2021-07-20,45.1600,45.6400,45.0550,45.2000,67122961
2021-07-19,45.0000,45.2200,44.8700,45.1600,29317567
2021-07-16,44.6150,44.8700,44.6100,44.7000,4207791
2021-07-15,43.9700,44.8100,43.4200,44.5700,11446095
2021-07-14,44.0400,44.3000,43.8150,44.0000,7475683
2021-07-13,43.9600,44.2300,43.8400,43.9800,5166434
2021-07-12,44.5700,44.6400,43.8335,43.9700,3686156
2021-07-09,44.0500,44.5300,43.8400,44.4700,4464552
2021-07-08,44.0300,44.3100,43.8100,44.2900,4811834
2021-07-07,44.7900,44.8500,44.4300,44.5600,4145176
2021-07-06,44.7000,44.9200,44.4700,44.5700,8166161
2021-07-02,44.2800,44.7400,44.2600,44.6600,2498609
2021-07-01,44.2500,44.6000,44.1100,44.2400,6187431
2021-06-30,44.7500,44.7500,44.3000,44.3000,6067850
2021-06-29,44.5100,44.7786,44.4100,44.7300,5112921
2021-06-28,44.3400,44.7450,44.3300,44.5500,4699733
2021-06-25,44.2400,44.2500,43.6750,44.2000,12642230
2021-06-24,44.3500,44.5900,44.1500,44.2100,2788816
2021-06-23,44.2700,44.4500,44.0900,44.1700,2646705
2021-06-22,44.5700,44.5800,44.1700,44.2800,3128829
2021-06-21,44.2700,44.5800,44.0300,44.5700,3964199
2021-06-18,44.4000,44.6400,44.1500,44.2500,7200297
2021-06-17,44.2100,44.7700,44.1600,44.5000,3972223
2021-06-16,44.5000,44.8150,44.2300,44.3100,5609684
2021-06-15,44.9000,44.9000,44.5900,44.6300,2314558
2021-06-14,44.3500,44.9900,44.3500,44.8900,2954480
2021-06-11,44.3100,44.5000,44.3000,44.4800,3234891
2021-06-10,44.1700,44.4900,43.9700,44.4600,3124876
2021-06-09,44.2500,44.3200,44.0100,44.0200,3098141
2021-06-08,44.4000,44.6700,43.9400,44.0300,6290240
2021-06-07,44.0900,44.4200,44.0200,44.3300,4441367
2021-06-04,43.8500,44.2200,43.7300,44.1700,4831903
2021-06-03,43.5400,43.6500,43.3450,43.6400,4171798
2021-06-02,43.6100,44.0100,43.6100,43.7000,4762348
2021-06-01,44.1000,44.1200,43.6200,43.8400,6944988
2021-05-28,43.8900,44.2450,43.7400,44.0400,8505410
2021-05-27,43.0700,43.1500,42.7300,42.8500,5340825
2021-05-26,43.0900,43.3000,43.0250,43.1300,3262534
2021-05-25,43.0400,43.1500,42.8400,43.0100,3176576
2021-05-24,42.7500,43.0050,42.6100,42.9600,3494938
2021-05-21,42.6000,42.6200,42.3400,42.5800,3573379
2021-05-20,41.9600,42.7700,41.9300,42.4600,9293794
2021-05-19,41.1500,41.7800,41.1100,41.6900,2688713
2021-05-18,41.3500,41.5150,41.0600,41.2200,4072091
2021-05-17,41.2000,41.3100,40.9500,41.1600,5154250
2021-05-14,41.0000,41.3900,40.9900,41.3100,2304411
2021-05-13,41.0300,41.2800,40.7750,40.7800,4266313
2021-05-12,40.9700,41.1550,40.7350,40.8200,7493204
2021-05-11,40.5300,41.3900,40.5100,41.2400,3891977
2021-05-10,41.1900,41.2300,40.9400,41.0400,3709790
2021-05-07,41.7000,41.7300,41.1900,41.2300,2397530
2021-05-06,41.1500,41.4000,40.9800,41.4000,4288235
2021-05-05,41.5300,41.5500,41.1500,41.2400,2312800
2021-05-04,41.5600,41.7000,41.0931,41.3000,2895741
2021-05-03,42.5000,42.5000,41.7800,41.8100,3687895
2021-04-30,42.4700,42.7900,42.3100,42.4000,5117005
2021-04-29,42.9100,42.9100,42.4700,42.7100,3189873
2021-04-28,42.6500,42.9600,42.5100,42.7900,4208489
2021-04-27,42.8500,42.8500,42.4800,42.6500,3269301
2021-04-26,42.7700,42.7900,42.5100,42.7500,2645451
2021-04-23,42.4500,42.7800,42.4300,42.5600,3344892
2021-04-22,42.2200,42.5987,42.1900,42.4100,2578358
2021-04-21,41.9700,42.3600,41.9300,42.3400,3083871
2021-04-20,42.3000,42.4300,42.0200,42.1000,4169430
2021-04-19,42.1100,42.3550,42.1100,42.3000,3988801
2021-04-16,42.1300,42.3000,42.0100,42.2300,6288691
2021-04-15,42.2400,42.2400,41.9200,42.0300,5437440
2021-04-14,42.2800,42.4100,41.7700,41.8100,6646318
2021-04-13,41.9500,42.4250,41.9400,42.3000,3480706
2021-04-12,42.0200,42.1500,41.8200,41.9400,4507298
2021-04-09,41.6900,42.3000,41.6250,42.2900,3866320
2021-04-08,41.7200,41.9900,41.3900,41.6700,7520607
2021-04-07,41.4500,41.6900,41.2900,41.5000,2227762
2021-04-06,41.4200,41.6700,41.2300,41.4100,3973787
2021-04-05,41.3700,41.5100,41.2400,41.4800,3317603
2021-04-01,40.9300,41.4250,40.8100,41.2500,4643488
2021-03-31,40.6500,40.9200,40.5300,40.6300,3990184
2021-03-30,40.4500,40.6300,40.2400,40.5000,2953444
2021-03-29,40.3400,40.6650,40.1711,40.5800,3699126
2021-03-26,40.1800,40.4500,40.0200,40.3700,4348216
2021-03-25,40.1900,40.3850,40.0100,40.0500,4633517
2021-03-24,41.0000,41.0300,40.4300,40.4500,4064261
2021-03-23,40.9100,41.2700,40.9000,40.9700,2999598
2021-03-22,40.6000,41.1450,40.6000,40.8000,5723381
2021-03-19,40.6700,40.9300,40.5700,40.8000,14032884
2021-03-18,40.4900,40.6400,40.2700,40.5300,8515742
2021-03-17,40.6800,40.9100,40.4550,40.6800,4609187
2021-03-16,40.9800,41.1000,40.7600,40.7900,6477613
2021-03-15,40.8500,40.8700,40.6100,40.6500,10120635
2021-03-12,40.8300,40.9950,40.6650,40.7700,2604402
2021-03-11,41.6600,41.7000,41.0100,41.1000,7864225
2021-03-10,41.0000,41.1600,40.6500,40.7100,6856076
2021-03-09,40.4800,40.7800,40.4800,40.7000,6150386
2021-03-08,40.5300,40.7200,40.0000,40.0300,10471483
2021-03-05,40.0000,40.5800,39.7800,40.4500,6107398
2021-03-04,40.1300,40.4600,39.6200,39.9500,8319420
2021-03-03,40.9000,40.9200,40.1000,40.2500,5607482
2021-03-02,41.3100,41.3800,40.9000,40.9200,4006693
2021-03-01,41.1200,41.3800,40.9400,41.1100,6946972
