timestamp,open,high,low,close,volume
2021-10-14,330.2200,338.3600,329.8900,332.1200,2711474
2021-10-13,316.1600,329.7500,314.0240,327.8500,4610220
2021-10-12,310.7800,315.9200,308.5500,312.9400,1738375
2021-10-11,312.9900,317.3000,309.1800,309.7900,1184468
2021-10-08,323.4500,325.3800,313.2000,313.5200,1793195
2021-10-07,311.0300,322.9100,310.5000,320.0500,2548491
2021-10-06,297.0000,310.0600,295.7300,309.6200,2018543
2021-10-05,290.0100,303.3000,290.0100,300.2800,2131649
2021-10-04,300.0100,300.4750,290.2829,294.6800,1955900
2021-10-01,301.3300,305.7200,298.1700,303.7200,1727520
2021-09-30,301.0000,305.0100,297.9200,302.4300,2591667
2021-09-29,301.4200,304.0000,291.6200,293.8000,2164070
2021-09-28,306.7500,306.7500,294.0200,298.0000,3450135
2021-09-27,309.5600,315.6600,307.6940,311.2000,2027549
2021-09-24,321.8800,321.8800,314.7100,316.4700,1600363
2021-09-23,319.0000,322.8399,315.9500,321.5000,2089573
2021-09-22,313.1600,317.8800,310.5000,315.1100,1835795
2021-09-21,314.6500,317.0000,311.4000,314.2700,2655891
2021-09-20,312.4300,316.2300,304.1400,310.0700,5003770
2021-09-17,322.1600,328.0600,320.0700,322.8000,21114018
2021-09-16,322.4800,325.1000,319.1750,323.5200,5274769
2021-09-15,316.1900,324.4700,313.2900,324.0800,4161384
2021-09-14,318.7400,325.2500,317.5200,319.2500,3555098
2021-09-13,318.2600,323.7800,299.6100,318.4500,4096298
2021-09-10,321.6800,324.1800,316.1900,318.5400,3313462
2021-09-09,312.9700,321.8899,309.5000,319.9700,3907793
2021-09-08,312.2300,319.8600,308.8800,318.1000,7135035
2021-09-07,308.4800,314.3700,304.2700,312.4900,4303225
2021-09-03,306.9500,310.0000,304.1000,310.0000,3634774
2021-09-02,300.0000,309.2500,299.4100,306.8900,4906066
2021-09-01,304.3500,306.3550,298.9200,301.0200,3567347
2021-08-31,299.5000,304.5300,294.4400,304.3500,14711702
2021-08-30,293.7400,299.5000,282.2000,297.8500,4996509
2021-08-27,299.7300,300.4500,294.0700,297.7100,6587022
2021-08-26,299.0000,307.4200,290.5100,305.2600,13031302
2021-08-25,282.6200,286.3500,279.3000,283.7600,5236957
2021-08-24,280.0000,288.6400,278.5000,281.3700,3635689
2021-08-23,268.1600,278.9700,267.2994,276.4400,3624765
2021-08-20,268.0300,268.9500,247.8800,266.6700,13193809
2021-08-19,276.0000,284.5600,275.2500,279.4500,1790038
2021-08-18,279.9600,286.2100,274.5500,280.0000,2345558
2021-08-17,274.5000,281.5300,271.3800,278.0000,2168140
2021-08-16,288.4100,292.2000,276.4400,282.1700,3109899
2021-08-13,285.6000,291.7700,282.7500,291.5200,3210183
2021-08-12,278.6900,287.9800,275.3000,286.2800,4200252
2021-08-11,276.1000,277.9900,270.7300,275.8700,1746996
2021-08-10,278.0000,280.4800,272.6600,274.4900,2510950
2021-08-09,277.7600,281.9800,276.5001,280.0000,2736825
2021-08-06,275.7100,278.4028,269.6900,277.4800,3019606
2021-08-05,270.6500,278.4700,268.4100,276.9900,2539675
2021-08-04,278.0600,278.9300,269.9000,273.3700,4787011
2021-08-03,272.0000,285.8400,271.2400,284.5800,7741413
2021-08-02,266.0400,271.0900,261.5401,268.2900,1912241
2021-07-30,265.0000,272.8800,264.1000,265.7200,1765506
2021-07-29,270.0000,274.9900,267.3500,268.2600,2182742
2021-07-28,262.5100,270.9800,261.1155,269.3600,1712665
2021-07-27,268.5000,269.3600,255.0000,262.6800,2949525
2021-07-26,262.6900,269.7500,262.2100,268.8000,2488079
2021-07-23,267.3400,271.6100,264.2700,264.9200,2634805
2021-07-22,261.9000,269.1700,261.3600,267.3000,2979391
2021-07-21,255.6700,260.5699,251.1400,259.3000,1939131
2021-07-20,253.0000,259.1899,248.6300,256.2700,1659740
2021-07-19,245.9400,254.3500,242.0100,252.2800,2338783
2021-07-16,251.5600,253.4200,245.5000,250.8200,2255094
2021-07-15,254.5900,257.6300,247.1993,251.0000,3342472
2021-07-14,268.9100,269.6765,252.0600,252.5400,3287250
2021-07-13,266.4400,275.0000,263.7200,264.6200,6241644
2021-07-12,267.5000,269.3500,258.8800,267.0600,4560148
2021-07-09,250.0000,272.0000,249.8200,269.4900,9866510
2021-07-08,243.1400,254.0000,241.2300,250.3000,3833718
2021-07-07,242.0000,249.2400,241.0300,248.7500,3688323
2021-07-06,235.0500,241.0900,234.7800,239.0500,1982842
2021-07-02,239.5000,241.2100,236.9000,237.2400,1333917
2021-07-01,240.4200,241.6400,235.7161,236.7500,2350066
2021-06-30,244.2900,245.1700,238.6400,241.8000,3024592
2021-06-29,248.0000,251.0000,245.0800,245.8000,2291743
2021-06-28,248.4300,249.4800,243.6200,247.6700,3081385
2021-06-25,252.0000,253.2700,247.0200,247.0900,9235731
2021-06-24,250.0000,253.3200,247.3700,251.2500,3388514
2021-06-23,248.1000,250.1000,244.4700,249.0000,2696274
2021-06-22,247.0000,252.8200,245.3600,249.2900,5905311
2021-06-21,247.2200,250.0000,241.6500,248.2900,4794352
2021-06-18,246.5700,250.0000,243.0500,249.4000,6413040
2021-06-17,234.5000,248.6800,231.5200,245.5300,6603887
2021-06-16,239.8100,243.7954,235.5822,238.8400,5102459
2021-06-15,244.7200,247.3580,239.5154,241.4100,2660133
2021-06-14,242.7000,248.1000,241.2700,244.2000,3855256
2021-06-11,239.0000,242.5300,233.7500,240.6000,7123197
2021-06-10,247.3000,250.7000,243.5417,248.8000,3073196
2021-06-09,250.3500,255.0000,245.7200,247.0100,4214676
2021-06-08,252.9900,255.9900,246.6450,250.3200,3618311
2021-06-07,244.6500,252.5500,240.0050,250.5700,7385871
2021-06-04,240.7300,244.8600,237.5000,242.5600,2630028
2021-06-03,240.0000,243.2300,233.3600,238.4300,3598135
2021-06-02,240.7400,248.2000,239.6000,243.1800,4016286
2021-06-01,239.5000,243.5600,235.5100,240.8100,3772977
2021-05-28,238.2000,244.2200,237.0000,238.0300,5763230
2021-05-27,226.5000,246.4750,220.0000,245.1500,17722057
2021-05-26,231.0000,236.3600,228.3000,235.2500,6346408
2021-05-25,236.5300,236.7000,228.5734,229.9600,2863759
