timestamp,open,high,low,close,volume
2021-10-14,20.7200,21.0200,20.5200,20.6900,851592
2021-10-13,20.2100,20.5300,20.0200,20.2400,511618
2021-10-12,20.0800,20.3700,20.0300,20.1600,884888
2021-10-11,19.7800,20.5100,19.6500,20.0900,943706
2021-10-08,20.0900,20.5600,19.7300,19.7800,338481
2021-10-07,19.5100,20.2300,19.4450,20.0900,815149
2021-10-06,19.0100,19.5800,18.9000,19.2700,349615
2021-10-05,19.5500,19.7150,19.2600,19.3500,526960
2021-10-04,20.0600,20.2200,19.3100,19.4400,828767
2021-10-01,19.1100,20.3200,18.8900,20.2400,952634
2021-09-30,18.9400,19.0400,18.4900,18.9100,593097
2021-09-29,19.7900,19.7900,18.5600,18.9300,837882
2021-09-28,19.3800,19.7400,19.1900,19.5500,916762
2021-09-27,18.9300,19.8000,18.9300,19.6000,1080627
2021-09-24,18.6100,18.9700,18.4300,18.9500,314887
2021-09-23,18.2500,18.8900,18.1500,18.8400,556378
2021-09-22,17.8700,18.4000,17.7500,18.1100,432477
2021-09-21,17.6300,18.0600,17.4700,17.7500,1009305
2021-09-20,17.2500,17.6000,16.9000,17.3200,620780
2021-09-17,17.8100,18.1400,17.3400,17.8200,1082706
2021-09-16,17.5500,17.8600,17.2600,17.6500,624491
2021-09-15,17.9900,17.9900,17.1700,17.6600,672740
2021-09-14,17.9400,18.1900,17.7300,17.9500,1076857
2021-09-13,17.0500,17.9200,16.8000,17.8700,913909
2021-09-10,17.3500,17.3500,16.9800,17.0000,521979
2021-09-09,16.7800,17.3300,16.6600,17.1200,1269546
2021-09-08,17.2300,17.3450,16.6200,16.8300,553916
2021-09-07,17.4600,17.6900,17.3600,17.5000,359174
2021-09-03,17.1300,17.3100,16.8300,17.2900,491087
2021-09-02,17.2900,17.5500,17.0400,17.1600,356173
2021-09-01,17.7800,17.7800,17.0500,17.1800,541791
2021-08-31,17.5900,17.7950,17.5650,17.6800,808516
2021-08-30,18.3300,18.3800,17.5700,17.6800,718049
2021-08-27,17.6800,18.3500,17.6300,18.1900,725667
2021-08-26,17.7600,17.9600,17.5700,17.6300,710518
2021-08-25,17.5000,17.8200,17.4200,17.7300,869517
2021-08-24,17.0000,17.4200,17.0000,17.4100,713606
2021-08-23,16.2100,17.0600,16.0400,16.9400,925368
2021-08-20,15.7800,16.2600,15.7000,16.0800,522201
2021-08-19,15.9900,15.9900,15.5300,15.7500,500692
2021-08-18,15.9300,16.5700,15.8400,16.1700,563720
2021-08-17,16.4800,16.6800,15.8900,16.0300,842269
2021-08-16,17.4300,17.4600,16.7300,16.8300,740481
2021-08-13,17.9900,18.0778,17.6300,17.6900,798620
2021-08-12,17.7100,18.0100,16.8700,17.9300,707659
2021-08-11,17.3100,17.9200,17.1300,17.8700,832413
2021-08-10,17.3200,17.7100,17.1800,17.3700,483089
2021-08-09,17.8200,17.8200,17.2800,17.3300,484838
2021-08-06,18.5900,18.8700,17.7300,17.9900,957160
2021-08-05,17.2500,18.0600,16.8500,17.7300,1531618
2021-08-04,17.2600,17.7200,16.9700,17.1800,878318
2021-08-03,17.6400,17.8900,16.9400,17.4200,988168
2021-08-02,17.9100,18.3100,17.5500,17.6400,707155
2021-07-30,18.0700,18.1200,17.6300,17.7700,1141521
2021-07-29,18.8900,18.9200,18.3450,18.4200,1650045
2021-07-28,18.1600,18.6900,18.0200,18.6600,936363
2021-07-27,18.1800,18.2900,17.4000,17.9600,1078531
2021-07-26,17.7700,18.7700,17.6700,18.3900,1722473
2021-07-23,17.3200,17.8000,17.0200,17.7100,1703719
2021-07-22,17.2200,17.3900,16.7200,17.0400,669477
2021-07-21,16.5400,17.4000,16.5200,17.2200,2053908
2021-07-20,15.7800,16.7250,15.5650,16.4300,1477979
2021-07-19,15.7100,16.1700,15.6500,15.7800,875598
2021-07-16,16.9200,17.0050,16.0600,16.2700,992177
2021-07-15,16.6400,16.9200,16.1600,16.6500,1037531
2021-07-14,16.8100,17.3490,16.5300,16.7000,974945
2021-07-13,17.3800,17.5500,16.6200,16.7200,1451576
2021-07-12,17.3800,17.8200,17.0200,17.4600,1326798
2021-07-09,16.5800,17.6700,16.5400,17.4300,1306883
2021-07-08,16.6500,16.7780,16.3100,16.5200,2381546
2021-07-07,18.5700,19.1300,16.7800,17.0300,2742633
2021-07-06,18.6400,18.8500,18.3200,18.5700,1651746
2021-07-02,19.1800,19.2200,18.6300,18.6400,339554
2021-07-01,19.1600,19.4100,18.9300,19.0800,1301129
2021-06-30,19.0800,19.3000,18.8300,19.0000,1033239
2021-06-29,19.5000,19.6800,19.1400,19.2000,554094
2021-06-28,19.2800,19.5400,18.5800,19.3400,872024
2021-06-25,19.2600,19.5350,19.1300,19.3500,1933794
2021-06-24,19.3000,19.4500,19.1300,19.2500,722423
2021-06-23,19.3100,19.5500,19.0800,19.1100,696588
2021-06-22,19.2300,19.4300,18.9700,19.3000,2200553
2021-06-21,19.4600,19.7450,18.8504,19.5700,992494
2021-06-18,19.1000,19.4900,18.9450,19.2700,1298888
2021-06-17,19.4300,20.2850,19.3750,19.5300,1241037
2021-06-16,20.1600,20.3700,19.5200,19.6900,1986445
2021-06-15,20.7600,20.9900,20.1550,20.2800,1105437
2021-06-14,21.1400,21.3600,20.8900,20.9600,721971
2021-06-11,21.0300,21.0700,20.5100,20.9400,558669
2021-06-10,21.3600,21.3600,20.4200,20.8100,633975
2021-06-09,21.6000,22.0550,21.2400,21.3200,711443
2021-06-08,21.4500,21.5100,20.8300,21.3100,726365
2021-06-07,20.7900,21.3700,20.5400,21.2100,731956
2021-06-04,20.5400,21.2600,20.4100,20.7300,1051418
2021-06-03,20.1100,20.5400,19.3700,20.4000,1548944
2021-06-02,20.3300,20.3800,19.9500,20.3300,2424118
2021-06-01,20.4600,20.8700,20.1700,20.3800,1118852
2021-05-28,20.5600,20.6200,20.0300,20.3000,1394691
2021-05-27,20.7800,21.0600,20.3800,20.5300,1532448
2021-05-26,20.4900,20.9550,20.4900,20.6900,972206
""
2021-05-25,20.9900,21.4600,20.3950,20.4700,998648
