timestamp,open,high,low,close,volume
2021-10-14,1.9800,2.0400,1.9800,2.0300,71599
2021-10-13,1.9700,2.0300,1.9500,1.9900,51970
2021-10-12,1.9500,2.0195,1.9500,1.9646,30554
2021-10-11,1.9800,2.0100,1.9700,1.9800,37513
2021-10-08,1.9800,2.0273,1.9800,1.9800,29723
2021-10-07,2.0000,2.0600,1.9747,2.0300,56686
2021-10-06,2.0000,2.0100,1.9100,1.9700,69901
2021-10-05,2.0700,2.0780,1.9400,1.9700,100711
2021-10-04,2.0600,2.0900,2.0400,2.0400,62802
2021-10-01,2.1000,2.1200,2.0400,2.0700,67360
2021-09-30,2.0600,2.1022,2.0500,2.1000,51850
2021-09-29,2.1627,2.1666,2.0400,2.0500,96403
2021-09-28,2.1400,2.2402,2.1000,2.1400,73272
2021-09-27,2.1700,2.2500,2.1000,2.1200,92925
2021-09-24,2.2500,2.2900,2.1501,2.2000,78394
2021-09-23,2.2600,2.2900,2.2000,2.2400,63656
2021-09-22,2.2600,2.3400,2.2600,2.2700,89038
2021-09-21,2.2800,2.3000,2.2201,2.2600,65932
2021-09-20,2.4600,2.4600,2.2000,2.2200,135839
2021-09-17,2.5500,2.6700,2.5000,2.5000,199294
2021-09-16,2.4400,2.5700,2.3300,2.5200,133274
2021-09-15,2.4600,2.5599,2.3600,2.4000,128187
2021-09-14,2.5000,2.5683,2.3900,2.4600,113085
2021-09-13,2.6000,2.6300,2.4200,2.4600,111396
2021-09-10,2.4300,2.6300,2.3000,2.6000,100308
2021-09-09,2.4790,2.5000,2.3100,2.3800,100803
2021-09-08,2.6500,2.6890,2.4600,2.4700,85227
2021-09-07,2.5400,2.8200,2.5400,2.6800,265592
2021-09-03,2.5800,2.5800,2.5000,2.5500,105179
2021-09-02,2.5100,2.6300,2.4900,2.5600,219940
2021-09-01,2.1800,2.5000,2.1430,2.4600,361279
2021-08-31,2.1600,2.2290,2.1300,2.1300,101979
2021-08-30,2.3000,2.3700,2.1500,2.1800,118253
2021-08-27,2.2900,2.3984,2.2500,2.2500,99518
2021-08-26,2.3300,2.4200,2.2400,2.3400,79036
2021-08-25,2.3300,2.3600,2.2700,2.3200,35886
2021-08-24,2.2100,2.4500,2.1441,2.3600,118782
2021-08-23,2.0800,2.1955,2.0700,2.1600,52706
2021-08-20,2.1500,2.1900,2.0600,2.0738,60298
2021-08-19,2.1100,2.1900,2.1000,2.1700,87716
2021-08-18,2.1600,2.2500,2.1000,2.1900,106763
2021-08-17,2.1200,2.2400,2.0000,2.2000,184087
2021-08-16,2.1600,2.1800,2.0000,2.1300,165455
2021-08-13,2.2700,2.2800,2.1500,2.1600,170545
2021-08-12,2.3700,2.4300,2.2500,2.2900,299631
2021-08-11,2.5300,2.5900,2.4400,2.5400,167274
2021-08-10,2.6000,2.6400,2.4001,2.5200,223759
2021-08-09,2.5900,2.7400,2.5200,2.6100,204615
2021-08-06,2.7400,2.7600,2.4800,2.5900,608990
2021-08-05,2.9500,3.3500,2.6500,2.8400,8100220
2021-08-04,2.5200,2.6500,2.5100,2.6100,28573
2021-08-03,2.6100,2.6600,2.5200,2.5700,47352
2021-08-02,2.6300,2.6488,2.5000,2.6100,53273
2021-07-30,2.6400,2.7400,2.5700,2.6000,56223
2021-07-29,2.7500,2.8399,2.5400,2.6700,306066
2021-07-28,2.4000,2.6700,2.3300,2.6100,137785
2021-07-27,2.5500,2.5500,2.3290,2.4200,69287
2021-07-26,2.5500,2.6900,2.4900,2.5700,113753
2021-07-23,2.5400,2.6900,2.4001,2.6300,191999
2021-07-22,2.8400,2.8400,2.6000,2.6100,876758
2021-07-21,2.8200,2.9900,2.6200,2.8800,2078692
2021-07-20,2.5100,2.7900,2.5000,2.7500,141446
2021-07-19,2.4400,2.5300,2.3400,2.4700,67896
2021-07-16,2.6100,2.7600,2.4400,2.4400,62488
2021-07-15,2.8800,2.8800,2.5500,2.6200,116527
2021-07-14,2.9000,2.9300,2.8302,2.8500,42083
2021-07-13,2.9000,2.9650,2.8400,2.9300,45382
2021-07-12,2.8000,2.9600,2.8000,2.9300,44634
2021-07-09,2.8500,2.8700,2.8000,2.8400,122388
2021-07-08,2.9800,2.9800,2.8000,2.8300,139056
2021-07-07,3.1000,3.1700,2.9100,2.9800,80731
2021-07-06,3.2500,3.2710,3.0500,3.0900,138438
2021-07-02,3.3400,3.3400,3.2000,3.2400,72274
2021-07-01,3.4000,3.4000,3.2900,3.3000,116456
2021-06-30,3.3000,3.4400,3.2600,3.4000,267023
2021-06-29,3.3400,3.3400,3.2601,3.3000,456549
2021-06-28,3.2000,3.3600,3.1700,3.2500,785116
2021-06-25,3.6900,3.9700,3.6600,3.9600,109671
2021-06-24,3.6000,3.7900,3.5500,3.7400,73719
2021-06-23,3.4600,3.6864,3.4600,3.5400,38748
2021-06-22,3.4500,3.5450,3.4500,3.4900,149374
2021-06-21,3.5100,3.5900,3.5000,3.5300,81442
2021-06-18,3.5500,3.6500,3.5200,3.5300,125701
2021-06-17,3.7800,3.7817,3.5300,3.5900,74350
2021-06-16,3.7500,3.8500,3.6800,3.7500,106410
2021-06-15,3.8300,3.8800,3.6600,3.7200,32359
2021-06-14,3.8200,3.8700,3.7200,3.8100,36701
2021-06-11,3.7700,3.8600,3.7300,3.7700,41309
2021-06-10,3.7800,3.8700,3.7100,3.7300,26431
2021-06-09,3.8400,3.8800,3.7292,3.7900,39045
2021-06-08,3.6701,3.8700,3.6300,3.8600,45854
2021-06-07,3.2800,3.7100,3.2800,3.6700,131806
2021-06-04,3.3700,3.5000,3.2000,3.3800,86914
2021-06-03,3.5200,3.6200,3.3200,3.3600,108856
2021-06-02,3.6200,3.7400,3.5200,3.6100,31318
2021-06-01,3.5900,3.6900,3.4501,3.6300,54608
2021-05-28,3.7000,3.7500,3.5500,3.6100,57492
2021-05-27,3.5900,3.7100,3.4400,3.7100,70028
2021-05-26,3.2700,3.5690,3.2700,3.5300,130059
2021-05-25,3.4200,3.4200,3.2100,3.3000,37496
