timestamp,open,high,low,close,volume
2021-10-14,70.0000,71.4600,69.9750,71.3600,870267
2021-10-13,69.5300,69.8800,69.0700,69.6300,484452
2021-10-12,69.8700,70.1400,68.9000,69.1500,568775
2021-10-11,70.8600,71.2500,69.7500,69.8400,319713
2021-10-08,71.8900,72.1150,71.0100,71.0200,493737
2021-10-07,70.6900,72.0000,70.6760,71.8000,690286
2021-10-06,70.3300,70.7600,69.4000,70.3800,1248869
2021-10-05,71.1200,71.4400,70.5200,70.8600,465544
2021-10-04,72.1300,72.5000,70.9400,71.0800,529825
2021-10-01,71.9200,72.6800,71.4100,72.1200,956650
2021-09-30,72.6600,73.5200,71.9700,72.0000,1230630
2021-09-29,69.9800,72.1100,69.7600,71.2200,1017171
2021-09-28,69.8000,69.8650,68.6000,68.6100,563518
2021-09-27,70.1400,70.5900,69.6400,70.0100,544755
2021-09-24,70.6100,71.1600,70.3700,70.5800,518843
2021-09-23,70.9400,71.4750,70.6300,70.8300,689191
2021-09-22,70.9800,71.5900,70.7400,70.7700,723273
2021-09-21,71.8600,72.1900,70.6100,70.8100,712717
2021-09-20,71.6500,72.1500,70.6900,71.7900,710671
2021-09-17,73.4200,73.5900,71.6300,72.1600,2075980
2021-09-16,74.2300,74.7400,73.6650,73.7900,423009
2021-09-15,74.1300,74.6200,73.7900,74.4500,648633
2021-09-14,75.0000,75.0000,73.6100,74.0000,721027
2021-09-13,74.4100,74.9550,73.8300,74.8000,497804
2021-09-10,75.3000,75.5100,74.1300,74.2100,434302
2021-09-09,76.2400,76.4700,75.1900,75.2200,752501
2021-09-08,74.9000,76.3600,74.6900,76.2400,570902
2021-09-07,75.6800,75.7200,74.3600,74.8900,460014
2021-09-03,76.4300,76.9700,75.7900,75.8900,509158
2021-09-02,76.3200,76.7400,75.7000,76.2000,633750
2021-09-01,76.0000,76.8300,75.6600,76.1500,678771
2021-08-31,74.8000,76.0400,74.1900,75.6700,913548
2021-08-30,75.1500,75.5100,74.4400,74.6400,386143
2021-08-27,75.0100,76.0100,74.4600,75.3300,595335
2021-08-26,76.1300,76.3000,74.6700,74.8800,583398
2021-08-25,76.3900,76.5400,75.9900,76.3400,339098
2021-08-24,76.9400,76.9500,76.1100,76.2300,431970
2021-08-23,76.1900,77.0300,76.1100,76.9600,537542
2021-08-20,75.1300,76.1500,74.8800,76.0300,691012
2021-08-19,75.0400,75.7550,75.0400,75.1500,476556
2021-08-18,76.3600,76.7300,75.4700,75.4800,526098
2021-08-17,76.3900,76.3900,75.7500,76.2400,587518
2021-08-16,76.8100,77.3700,76.3600,76.4700,426416
2021-08-13,77.0500,77.2300,76.2700,76.9000,424912
2021-08-12,77.4500,77.9900,76.8400,76.8700,400757
2021-08-11,76.8600,77.8200,76.3800,77.6900,634941
2021-08-10,77.7700,77.8800,76.0200,76.3900,603747
2021-08-09,78.3200,78.3200,77.2550,77.7200,575028
2021-08-06,80.9100,81.1350,77.8700,78.4400,777277
2021-08-05,82.3200,83.8400,80.2450,80.9100,844960
2021-08-04,82.4000,83.3700,82.3040,82.7200,598391
2021-08-03,82.6600,82.9200,81.6600,82.4000,538293
2021-08-02,83.0900,83.6000,82.5500,82.6300,594507
2021-07-30,82.2000,83.1600,81.9200,82.8100,534303
2021-07-29,81.2600,82.4900,80.9400,82.0800,442083
2021-07-28,80.9700,81.5500,80.7800,81.1000,380314
2021-07-27,80.6800,81.3200,80.3400,81.2700,608409
2021-07-26,79.8900,80.4300,79.5046,80.4200,509911
2021-07-23,79.5600,80.3800,79.3000,80.0000,553910
2021-07-22,79.5900,79.7500,78.9200,79.2400,658253
2021-07-21,79.5100,79.9300,78.9900,79.3400,504269
2021-07-20,78.6100,80.1183,78.0100,79.5100,839149
2021-07-19,78.5800,79.0000,78.0850,78.4400,562380
2021-07-16,79.0000,79.8900,78.3900,79.1000,834033
2021-07-15,78.3400,78.7774,77.8209,78.6400,368774
2021-07-14,79.2100,79.6800,78.3681,78.4700,385331
2021-07-13,80.2000,80.3350,78.8800,78.9800,811485
2021-07-12,80.9900,81.2000,80.0800,80.2800,474636
2021-07-09,79.4000,81.0200,79.4000,80.9400,651512
2021-07-08,80.6500,81.1600,79.2100,79.4700,820851
2021-07-07,81.0500,82.0200,80.5800,81.7100,1281164
2021-07-06,79.6500,81.0400,79.4700,80.8900,1249994
2021-07-02,78.9400,79.5800,78.8500,79.3100,539596
2021-07-01,77.7000,79.5300,77.5500,78.7600,1066507
2021-06-30,78.0200,78.1200,77.5000,77.9800,1107852
2021-06-29,77.3600,78.2600,77.3600,78.1400,566538
2021-06-28,78.4500,78.6300,76.7250,77.4400,750385
2021-06-25,77.0700,78.6000,76.8000,78.2700,4231323
2021-06-24,76.8300,77.5100,76.8000,77.0700,1006781
2021-06-23,76.4600,77.1600,76.0500,76.6600,1214308
2021-06-22,75.5600,76.5850,75.1800,76.5100,869094
2021-06-21,74.5500,75.5600,73.8900,75.5200,887706
2021-06-18,74.1500,74.5900,73.6200,74.3200,1417669
2021-06-17,74.3500,74.4500,73.7200,74.2600,684564
2021-06-16,74.0700,74.5500,73.2700,74.3300,1191720
2021-06-15,74.3300,74.4900,73.8000,74.1000,913342
2021-06-14,74.3700,74.3700,73.6650,74.1600,874802
2021-06-11,74.3700,74.4600,73.8000,74.3200,893274
2021-06-10,73.2000,74.5900,72.7800,74.5600,846176
2021-06-09,72.4300,73.4000,72.2300,73.2600,699965
2021-06-08,72.4600,72.7500,71.9350,72.2400,942427
2021-06-07,72.9700,73.0600,71.3000,72.4000,1572499
2021-06-04,73.3400,73.7800,72.6200,73.2400,871779
2021-06-03,72.9600,73.2950,72.0600,73.1400,966813
2021-06-02,71.2400,71.9300,71.1100,71.6900,709031
2021-06-01,73.3300,73.3900,71.1900,71.2500,1229020
2021-05-28,74.3800,74.9800,73.2400,73.3900,1586275
2021-05-27,72.2000,73.8000,71.6300,73.7600,3010863
2021-05-26,72.6400,73.2000,71.7600,72.0400,1100972
2021-05-25,73.4000,73.5400,72.7500,72.9900,1366824
