timestamp,open,high,low,close,volume
2021-10-14,522.2600,529.9200,520.7800,524.2000,229501
2021-10-13,512.4800,516.9600,512.3000,516.3300,183587
2021-10-12,505.7500,513.6800,503.4200,509.4100,214236
2021-10-11,501.1400,508.7500,501.1400,501.7000,170874
2021-10-08,515.0000,516.8600,504.1300,505.0600,155867
2021-10-07,513.0000,521.8200,511.2700,511.6900,308913
2021-10-06,493.5600,507.5100,492.7750,507.4900,244980
2021-10-05,495.7500,505.8300,495.5500,498.0900,396899
2021-10-04,500.0000,500.0000,483.8300,494.6000,661039
2021-10-01,497.5300,507.1850,495.2400,505.6100,405519
2021-09-30,494.8600,502.0200,493.9650,495.7500,566827
2021-09-29,494.3200,500.3650,491.8000,495.0000,419983
2021-09-28,498.2700,499.0600,486.9800,488.4100,538713
2021-09-27,511.7200,512.0000,503.1700,507.0200,297443
2021-09-24,510.0000,515.5200,507.9100,515.4800,255818
2021-09-23,504.5600,513.0700,502.3400,511.2600,265839
2021-09-22,494.0100,502.4500,492.7900,500.4500,460345
2021-09-21,488.0000,497.8500,486.5000,492.5300,421000
2021-09-20,473.0000,484.2900,468.7600,483.9900,418055
2021-09-17,482.0000,485.1800,477.0000,482.3700,731704
2021-09-16,475.0000,482.4600,474.0100,482.0000,333240
2021-09-15,466.7600,475.0900,466.7600,475.0000,474504
2021-09-14,467.8600,469.0800,462.7475,468.0200,450761
2021-09-13,477.5000,477.5000,461.1300,465.6000,395695
2021-09-10,482.8200,484.4500,474.6000,475.6300,209644
2021-09-09,479.7900,489.4199,478.1800,480.1000,273242
2021-09-08,482.2000,486.5999,477.3300,478.1800,386854
2021-09-07,492.8100,493.7600,482.8900,483.3000,372895
2021-09-03,498.0000,503.2500,495.4700,496.2600,253653
2021-09-02,493.5000,502.3550,493.0200,500.8000,390887
2021-09-01,486.1500,493.1000,486.0000,492.0000,276991
2021-08-31,491.2700,491.2700,486.3200,488.9000,294454
2021-08-30,485.4800,490.4000,484.7000,488.8500,163604
2021-08-27,483.4500,490.0300,480.2805,484.7000,209495
2021-08-26,484.5400,487.1000,480.0100,481.1500,174242
2021-08-25,486.7900,490.7400,483.2537,484.1300,188586
2021-08-24,477.2600,486.3950,477.2600,485.5800,221560
2021-08-23,471.7500,478.0850,470.0000,476.8200,273025
2021-08-20,459.8600,472.4445,459.8600,469.4200,248653
2021-08-19,456.9000,464.5100,453.8282,457.0800,324121
2021-08-18,462.0000,466.8800,458.2440,459.2300,246963
2021-08-17,470.6300,470.9800,459.7200,462.5300,390526
2021-08-16,461.9800,474.4100,458.3200,473.4400,412590
2021-08-13,471.5600,472.4600,457.1600,463.7300,586701
2021-08-12,462.4900,472.7900,459.4000,472.5500,336957
2021-08-11,459.2200,465.7250,456.9733,463.6800,320229
2021-08-10,469.0400,472.4900,454.0850,458.3400,583740
2021-08-09,468.0000,475.1950,463.2100,468.5600,604792
2021-08-06,455.6600,466.6400,454.2100,466.4500,585330
2021-08-05,447.7400,457.6100,444.8400,457.2700,772069
2021-08-04,435.0000,445.3900,427.9100,442.8600,816319
2021-08-03,399.1500,402.8050,395.6200,400.0400,428168
2021-08-02,401.5100,403.0200,395.7700,399.9400,316054
2021-07-30,397.6400,404.9068,397.6400,400.0000,343376
2021-07-29,395.3800,402.3800,394.8800,400.0200,260164
2021-07-28,389.9800,396.7950,388.6550,395.2400,168729
2021-07-27,391.0000,391.7950,382.0800,388.5600,203448
2021-07-26,395.9200,396.0000,388.3400,391.3100,243807
2021-07-23,390.0000,395.9200,387.5300,395.9000,246853
2021-07-22,383.4400,386.9400,382.4800,385.5400,202388
2021-07-21,378.5800,383.4400,375.8900,383.0200,225284
2021-07-20,371.1100,384.4000,367.8800,378.5900,400459
2021-07-19,365.7500,373.7450,363.3000,367.4000,329272
2021-07-16,373.9300,377.0000,371.6275,372.8500,236748
2021-07-15,367.8200,371.4550,362.1801,369.9300,301836
2021-07-14,374.7500,374.7500,367.0700,370.0000,296628
2021-07-13,376.0000,377.7300,370.2700,372.0200,352080
2021-07-12,385.0000,388.3100,375.4000,376.1300,280137
2021-07-09,383.9100,385.8400,379.7700,383.5900,381547
2021-07-08,380.0000,385.8200,374.6600,382.4900,432719
2021-07-07,390.8900,392.6000,383.0945,387.2200,247384
2021-07-06,385.9200,390.7800,380.5000,388.0800,479927
2021-07-02,378.5500,384.7900,375.0900,383.8600,575692
2021-07-01,362.1300,377.2540,358.8100,373.5900,1027216
2021-06-30,373.4900,373.4900,362.9700,363.4700,240007
2021-06-29,374.3700,376.2500,370.5000,373.9500,233160
2021-06-28,372.6900,375.8500,365.9200,373.5000,276109
2021-06-25,369.1900,370.3000,365.9350,368.8000,369795
2021-06-24,368.4700,370.2500,366.0000,367.3500,242443
2021-06-23,363.0000,366.9500,361.8900,365.1200,323736
2021-06-22,356.6900,362.5900,355.2900,361.5600,255453
2021-06-21,351.6200,358.3055,347.1100,356.7000,261539
2021-06-18,347.0000,355.4400,344.9158,352.3400,693077
2021-06-17,330.3000,349.4194,330.0400,348.5000,646395
2021-06-16,336.2100,339.4100,327.0884,332.4900,373494
2021-06-15,339.9000,342.1900,334.8650,335.1500,258695
2021-06-14,340.5800,343.1200,338.6300,341.0200,252419
2021-06-11,337.3200,340.8700,335.3700,340.0000,372307
2021-06-10,328.4600,336.0800,326.8800,335.4100,408454
2021-06-09,327.7100,332.6200,327.2872,327.6800,255262
2021-06-08,324.9900,329.5300,322.0600,326.3200,264630
2021-06-07,318.0000,324.3500,317.0000,320.2400,382766
2021-06-04,323.5900,326.8600,321.1900,322.2800,321553
2021-06-03,320.2200,321.0100,315.4400,319.4100,267445
2021-06-02,325.3600,329.7100,323.3700,324.8100,284699
2021-06-01,330.5800,332.3974,322.6300,325.4700,227248
2021-05-28,334.3500,337.2100,328.9300,329.6000,236026
2021-05-27,334.3800,335.2900,329.0000,330.9700,497537
2021-05-26,331.9000,336.9400,330.4250,335.5300,457721
2021-05-25,337.3500,339.7100,329.7200,330.0000,736132
