timestamp,open,high,low,close,volume
2021-10-14,490.4900,499.9600,490.4900,499.4100,128010
2021-10-13,480.7800,487.6000,479.5400,486.9900,112147
2021-10-12,477.3500,483.7800,476.8800,479.1200,73345
2021-10-11,474.5000,479.6200,473.0900,475.8100,91154
2021-10-08,471.0500,477.3900,468.0000,475.9100,106279
2021-10-07,469.1800,474.4400,468.4050,470.6900,84477
2021-10-06,454.4000,464.4900,454.1900,464.4300,100595
2021-10-05,456.8400,461.7800,456.8400,459.0100,130800
2021-10-04,460.8900,461.3200,452.2600,456.0100,288073
2021-10-01,460.6700,466.5700,460.4750,464.3300,114683
2021-09-30,455.5600,462.8950,455.5600,458.6500,246789
2021-09-29,456.7600,460.6200,453.9700,454.9800,112777
2021-09-28,464.6000,464.6000,450.2000,453.1000,161519
2021-09-27,479.4700,479.4700,467.3300,468.2600,163522
2021-09-24,480.3700,484.9900,479.5100,482.5100,106269
2021-09-23,471.0700,483.7400,469.4500,482.4300,233500
2021-09-22,463.0300,468.2900,460.9600,467.9100,88797
2021-09-21,463.5700,465.8100,459.5600,462.0600,130499
2021-09-20,463.3200,466.9000,455.9900,460.0800,141940
2021-09-17,465.7600,470.3950,464.9500,467.5600,331473
2021-09-16,465.5300,469.4800,462.6000,467.7600,100658
2021-09-15,468.3600,469.4350,465.5050,466.4100,119403
2021-09-14,466.3200,471.7300,466.3200,467.9700,102038
2021-09-13,474.6800,474.6800,463.6450,465.7900,201472
2021-09-10,480.2500,483.4900,471.3000,471.6800,103803
2021-09-09,483.6100,485.6900,477.0900,477.4900,59471
2021-09-08,484.2300,488.5900,482.1200,482.8100,93691
2021-09-07,486.5300,486.5300,480.0900,483.7700,94597
2021-09-03,486.8800,491.3350,486.6400,488.1000,98158
2021-09-02,488.5400,488.5400,483.3700,486.4600,135312
2021-09-01,486.0400,491.1000,485.0400,487.3800,175846
2021-08-31,482.8300,486.6600,479.4280,485.7000,218840
2021-08-30,476.7100,480.4800,476.2100,477.2800,85662
2021-08-27,475.0500,481.1500,473.6468,476.1700,101585
2021-08-26,475.8100,477.3000,469.5300,474.6300,141924
2021-08-25,473.0900,477.2250,470.4700,475.8100,159380
2021-08-24,474.7400,476.7700,471.2050,471.5600,84216
2021-08-23,474.0400,478.0300,473.4600,474.4800,100409
2021-08-20,470.1500,475.5300,468.2800,472.6800,99282
2021-08-19,464.3300,472.7300,464.3300,470.4600,88134
2021-08-18,471.3300,473.5200,465.0500,465.3400,168039
2021-08-17,474.5800,478.4800,470.9800,472.2400,213246
2021-08-16,477.3300,478.4950,472.8200,476.4700,155234
2021-08-13,476.6100,477.9700,474.6700,477.7800,99454
2021-08-12,476.4500,482.5900,473.4900,477.0500,161008
2021-08-11,478.2900,479.3700,471.1500,476.0700,237608
2021-08-10,490.5400,490.9200,475.4450,477.3500,180578
2021-08-09,495.0000,495.0000,487.0800,488.2200,197878
2021-08-06,492.9200,494.5900,487.1300,494.0100,272376
2021-08-05,489.3300,494.9200,489.3300,493.9900,143988
2021-08-04,488.1400,492.5100,486.2200,489.2200,146036
2021-08-03,491.5400,492.9700,485.8004,490.8400,227510
2021-08-02,492.1700,496.8350,487.0400,491.7400,199381
2021-07-30,490.6500,496.3600,488.5200,492.6400,134008
2021-07-29,497.0000,498.9800,482.0700,491.3700,227821
2021-07-28,493.0400,498.7450,491.1800,495.6700,170201
2021-07-27,493.2600,493.7100,485.0900,492.7500,132831
2021-07-26,495.6000,497.1300,491.4500,494.3900,147567
2021-07-23,496.8800,498.7800,490.5600,497.8500,146363
2021-07-22,487.2700,494.3600,486.1900,493.8100,111098
2021-07-21,486.2100,489.7000,483.0400,485.6800,232512
2021-07-20,483.8400,489.7900,481.9400,487.2900,154561
2021-07-19,469.5200,482.7200,469.5200,481.9400,209661
2021-07-16,476.9900,478.3900,472.7800,473.4300,157957
2021-07-15,473.6000,477.0200,470.8500,475.5000,83935
2021-07-14,479.0000,479.9980,467.1900,473.5400,196091
2021-07-13,476.6100,485.5600,475.8600,476.9000,150382
2021-07-12,481.2700,481.2700,473.2100,477.2600,210270
2021-07-09,473.9600,481.0000,472.7500,478.8400,134783
2021-07-08,469.5000,475.7550,466.8000,474.1800,201792
2021-07-07,472.0000,475.6550,467.3500,473.9000,160208
2021-07-06,465.2400,473.4200,464.0900,471.4600,185836
2021-07-02,462.2600,465.2000,460.4300,464.4300,102492
2021-07-01,451.3500,459.9300,451.3500,459.1400,145217
2021-06-30,455.0000,457.3000,451.6100,452.3700,247635
2021-06-29,453.0500,456.8800,450.8100,455.7300,148485
2021-06-28,455.0000,455.4900,449.6800,453.0600,124924
2021-06-25,446.4700,453.6650,444.9700,453.3000,334896
2021-06-24,445.9300,448.3000,443.5400,446.0500,206540
2021-06-23,445.4200,445.9410,441.8800,443.4500,163079
2021-06-22,446.2500,448.2900,443.1250,445.3500,161054
2021-06-21,439.0200,447.6200,435.1100,446.2500,284876
2021-06-18,443.7000,451.2800,438.7100,440.2100,774573
2021-06-17,428.1300,445.4900,428.1300,443.2600,361802
2021-06-16,432.4800,436.0200,425.5300,430.9800,220378
2021-06-15,435.8200,439.3900,427.8650,428.7500,197985
2021-06-14,432.3500,438.2400,431.4338,437.0500,280385
2021-06-11,425.0000,431.5500,424.9140,430.7900,251171
2021-06-10,412.4200,426.2100,412.4200,424.5200,200520
2021-06-09,414.8800,420.9100,414.7100,416.3100,213591
2021-06-08,411.4800,416.2700,411.0300,413.1700,186052
2021-06-07,405.4700,411.0000,403.5200,407.5500,317982
2021-06-04,398.0100,404.9100,398.0100,403.2200,245029
2021-06-03,401.1600,401.1600,394.6100,395.2900,306787
2021-06-02,401.7300,406.1600,400.2100,400.9900,231614
2021-06-01,402.7500,406.2100,400.4800,402.0000,154132
2021-05-28,411.4700,411.4700,403.1500,403.1600,217064
2021-05-27,403.8900,408.5600,399.8350,408.0600,368200
2021-05-26,402.9900,408.9450,402.2300,405.0700,305109
2021-05-25,403.8400,405.5950,401.8400,404.1200,223091
