timestamp,open,high,low,close,volume
2021-10-14,44.2200,45.0000,43.7200,43.8800,1716963
2021-10-13,42.3300,43.8300,42.0900,43.7900,2191029
2021-10-12,41.5000,42.5500,41.1506,42.0700,1861366
2021-10-11,40.1400,42.0100,40.0430,41.3600,2159789
2021-10-08,40.5000,40.9850,39.9700,40.3100,1642621
2021-10-07,40.0000,41.0800,39.7500,40.6100,2353465
2021-10-06,37.5100,39.8700,37.1000,39.6000,2486797
2021-10-05,36.7900,38.9800,36.7800,38.0100,2964084
2021-10-04,39.6800,39.8700,36.6200,36.9800,4967331
2021-10-01,41.0000,41.0000,39.4800,40.5600,1912142
2021-09-30,39.5100,41.0900,39.3100,40.4400,2005830
2021-09-29,40.4200,40.8400,39.3200,39.4400,2082338
2021-09-28,42.0800,42.1800,39.9300,39.9600,3545884
2021-09-27,41.5000,42.9700,40.5200,42.7700,2044664
2021-09-24,42.9400,43.1150,41.5700,42.0400,1791279
2021-09-23,42.8300,43.3500,42.0200,43.0800,1774489
2021-09-22,42.2400,43.2300,41.9200,42.6500,1534107
2021-09-21,42.7300,43.7400,42.2000,42.2400,1544750
2021-09-20,43.6100,44.5000,41.9200,42.4400,2796099
2021-09-17,44.4800,45.1900,43.6800,44.8700,3753895
2021-09-16,43.3900,44.4300,42.8300,44.2800,1995792
2021-09-15,43.7500,43.7700,42.6550,43.5700,2189508
2021-09-14,43.9000,45.0700,43.5300,44.0700,1753892
2021-09-13,43.9800,45.0200,42.7300,43.9100,2595435
2021-09-10,45.8200,45.9400,43.7600,43.9800,2398630
2021-09-09,44.8300,46.0861,44.4450,45.6200,1405644
2021-09-08,46.9500,46.9500,44.3604,45.1400,2617413
2021-09-07,46.6900,47.2500,45.8600,46.3600,2482787
2021-09-03,46.5800,47.5300,46.1400,46.6900,2004335
2021-09-02,45.8300,48.2300,45.7400,47.2600,5615053
2021-09-01,44.2100,47.0400,43.8300,45.7400,4215698
2021-08-31,43.2600,44.0300,42.8900,43.6000,1891938
2021-08-30,43.8600,44.3999,42.8000,43.6000,1905520
2021-08-27,42.9600,44.3000,42.6300,43.7500,2223892
2021-08-26,44.0000,44.6600,42.8000,43.1000,1819066
2021-08-25,44.1400,45.5800,44.0532,44.3100,3329486
2021-08-24,43.7300,44.4200,43.1000,43.8300,2942733
2021-08-23,40.7800,43.5100,40.5900,43.2600,3910382
2021-08-20,38.9900,41.1100,38.9750,40.9300,3170065
2021-08-19,41.0200,41.2099,38.7000,39.2200,3129090
2021-08-18,40.9500,41.6600,39.9600,40.9600,3216876
2021-08-17,39.2000,40.9600,39.0000,40.9600,4138199
2021-08-16,41.6000,41.6000,39.5000,39.8800,5090628
2021-08-13,42.9700,43.2500,41.6300,42.1100,2600850
2021-08-12,41.9200,43.1700,41.7100,42.9700,2427297
2021-08-11,42.4600,43.0893,41.2720,42.0800,2719282
2021-08-10,44.2700,44.8300,41.8900,42.3000,4525402
2021-08-09,41.1300,44.8261,40.9800,44.0400,8479113
2021-08-06,39.4900,41.9500,38.9000,41.2400,9554198
2021-08-05,34.9500,42.2700,33.8700,39.9300,50301940
2021-08-04,45.9400,46.2500,43.9400,44.5400,9943997
2021-08-03,47.5000,47.8900,45.4100,46.2300,3809608
2021-08-02,48.4400,48.8300,46.8387,47.3600,3365370
2021-07-30,48.6400,49.5200,47.7350,48.0700,2274819
2021-07-29,50.3800,51.0900,49.0400,49.1100,2103607
2021-07-28,48.1100,51.0500,47.9600,50.3500,2920209
2021-07-27,48.9900,49.3500,46.4400,48.1700,2924336
2021-07-26,49.5000,49.5900,47.7500,48.9700,3316488
2021-07-23,52.1500,52.1700,49.7700,49.8200,3744331
2021-07-22,52.5500,53.5000,51.9200,52.3700,2055595
2021-07-21,51.6500,52.6200,50.8800,52.4600,2223407
2021-07-20,51.3000,52.1800,49.8700,51.5000,2218490
2021-07-19,49.0200,52.4700,48.6600,51.2100,3378780
2021-07-16,49.5400,50.4700,48.7001,49.9900,3119868
2021-07-15,49.9800,52.1800,48.4000,49.1000,3529891
2021-07-14,53.8000,53.9900,49.8400,50.1300,4411303
2021-07-13,54.3000,55.3300,53.5200,53.7100,2144606
2021-07-12,56.5600,57.1300,53.8600,54.3700,2547490
2021-07-09,55.3000,56.5300,54.4001,56.3900,2345069
2021-07-08,53.2500,56.1300,52.3500,54.9900,3047897
2021-07-07,57.7300,58.1000,54.1200,54.3700,2714486
2021-07-06,56.6500,58.1200,55.3100,56.8600,2961707
2021-07-02,58.3300,59.4000,55.7994,56.4700,3932693
2021-07-01,59.5800,60.6400,57.4200,58.0200,3818914
2021-06-30,59.9500,64.0700,58.3300,59.6000,8335596
2021-06-29,60.9800,62.0000,59.3200,60.4200,3032524
2021-06-28,61.1800,62.1700,60.6800,61.0800,3332590
2021-06-25,59.0000,60.8600,58.3300,60.6400,7250700
2021-06-24,57.6700,61.3800,57.5500,59.2100,6056381
2021-06-23,57.1600,58.5679,56.4500,57.1300,3123868
2021-06-22,55.7900,57.8300,55.3700,56.2700,2867548
2021-06-21,56.7500,57.2299,54.4580,55.9000,3265418
2021-06-18,57.8960,58.4000,56.0200,56.9600,6395537
2021-06-17,54.9300,57.8700,54.7707,57.2100,3459999
2021-06-16,54.3100,56.5400,53.6900,55.4800,3531423
2021-06-15,57.8500,58.1000,54.2600,54.5300,4166785
2021-06-14,54.5700,58.5700,54.5600,57.4500,6038761
2021-06-11,53.3100,54.6000,53.1000,54.3800,3634794
2021-06-10,51.8000,54.7328,51.5200,53.9100,5824280
2021-06-09,58.9500,59.1597,54.5500,54.6900,9037945
2021-06-08,49.9100,56.9800,49.7600,56.2000,15154889
2021-06-07,47.3100,51.2800,46.2900,50.7000,5597711
2021-06-04,47.7200,48.2150,47.1100,47.3100,2545784
2021-06-03,48.4900,49.3800,47.4400,47.6200,4135278
2021-06-02,47.2300,48.8700,46.3200,48.7700,3803670
2021-06-01,46.9900,47.8100,45.6000,47.2900,3435218
2021-05-28,48.3400,49.5100,47.0300,47.1900,3322343
2021-05-27,46.2000,48.7100,45.3600,48.2300,3393773
2021-05-26,45.5700,48.3300,45.1200,47.2700,3977505
2021-05-25,45.9200,46.4500,44.9300,45.2100,2303042
