timestamp,open,high,low,close,volume
2021-10-14,171.2000,174.3400,170.7700,172.0900,356972
2021-10-13,164.0000,170.8900,164.0000,169.4300,373122
2021-10-12,162.9300,165.1700,161.4800,162.6900,811670
2021-10-11,164.0300,166.0800,161.1300,161.3100,533212
2021-10-08,169.1400,169.7100,165.2700,165.2700,584608
2021-10-07,170.0200,170.7700,167.8500,168.1900,907179
2021-10-06,166.5400,170.7700,166.5400,168.0400,634259
2021-10-05,166.8000,171.2100,165.4400,168.2600,704944
2021-10-04,174.5200,174.5200,164.6700,166.6800,878241
2021-10-01,176.0600,177.1000,171.7700,176.5700,345976
2021-09-30,174.9900,177.8700,173.6950,174.7700,574031
2021-09-29,177.2100,178.0000,173.6400,175.5400,562757
2021-09-28,182.2000,183.2000,173.8800,173.8900,702748
2021-09-27,187.4500,188.4800,182.2600,185.8200,316876
2021-09-24,187.7000,190.2100,185.5900,189.5300,263664
2021-09-23,190.0700,190.0700,184.4100,188.9800,592920
2021-09-22,188.1100,190.6800,186.1700,189.8800,343449
2021-09-21,187.1700,189.1600,185.7300,187.6200,307540
2021-09-20,186.2200,186.7700,181.5000,185.1400,444597
2021-09-17,189.4800,190.2400,186.7700,189.5700,856334
2021-09-16,183.2300,189.0800,181.0500,188.7600,510679
2021-09-15,186.2600,186.7516,181.6200,183.5000,543926
2021-09-14,184.3500,186.9400,183.4698,185.5400,463317
2021-09-13,184.2000,184.6800,178.7000,183.7600,600109
2021-09-10,184.4300,186.3100,183.0000,184.1200,518864
2021-09-09,187.1500,189.2750,183.7400,183.8600,648965
2021-09-08,186.5500,191.6700,186.5500,187.5600,574765
2021-09-07,189.9000,189.9800,186.5800,187.7500,430326
2021-09-03,188.0800,191.3400,187.6500,189.7800,439806
2021-09-02,186.6300,189.8500,186.2700,188.4300,545470
2021-09-01,181.5400,188.7700,179.7100,186.2000,1023095
2021-08-31,181.8400,182.2200,178.3300,179.7000,482962
2021-08-30,180.8300,182.9394,178.5400,181.1300,637317
2021-08-27,175.4500,180.3400,175.4500,179.9400,516527
2021-08-26,176.9200,179.6300,174.3100,174.6000,280571
2021-08-25,176.6600,178.2100,174.5500,176.6100,327591
2021-08-24,174.5800,178.1550,173.9000,176.0000,636304
2021-08-23,167.4500,172.0000,165.1100,171.6400,380681
2021-08-20,165.7700,169.5000,164.6800,166.8300,460162
2021-08-19,166.1800,170.3954,164.4300,165.8800,486144
2021-08-18,165.5800,168.4405,164.7700,166.1000,507159
2021-08-17,164.5400,167.2000,162.8200,164.7700,503431
2021-08-16,165.1700,167.8165,161.5700,165.5600,589747
2021-08-13,165.9200,166.7500,164.3101,165.1700,397334
2021-08-12,161.8800,166.9400,160.4876,166.0600,716748
2021-08-11,161.6500,162.4500,158.0700,162.2800,1343130
2021-08-10,164.2100,169.2700,160.8850,161.6500,2005452
2021-08-09,169.4900,173.0600,168.0800,172.9200,614606
2021-08-06,181.0000,181.2800,169.4600,169.6000,852895
2021-08-05,167.4200,172.1600,166.9100,169.6300,581739
2021-08-04,165.7700,168.5000,165.1800,168.1500,288774
2021-08-03,168.0300,168.1400,162.5000,165.6500,326741
2021-08-02,167.9900,169.1200,163.6400,166.8400,661068
2021-07-30,170.0300,171.8300,167.0900,167.1700,611937
2021-07-29,172.1700,174.6425,170.8600,171.9500,462166
2021-07-28,168.0000,173.4150,167.7700,172.8400,397390
2021-07-27,168.7700,170.0000,163.6000,168.1200,718361
2021-07-26,167.0400,170.2600,165.7600,168.8000,824322
2021-07-23,162.4600,167.9100,162.4600,166.4200,416291
2021-07-22,161.2300,163.2500,159.9450,162.7500,457078
2021-07-21,155.5900,159.7600,154.3900,159.5100,577380
2021-07-20,151.6900,156.5200,149.6400,155.0800,664407
2021-07-19,146.4900,150.1600,144.7300,149.7500,623782
2021-07-16,147.0300,149.9000,146.3656,148.3200,389326
2021-07-15,151.8400,153.8000,145.8600,146.4900,744444
2021-07-14,157.8700,158.1000,150.4100,151.4200,458214
2021-07-13,158.1100,158.9800,155.5900,156.8400,436266
2021-07-12,163.2300,163.2300,156.8200,158.1100,337502
2021-07-09,159.7500,161.4950,157.1100,161.2800,443070
2021-07-08,160.0000,161.8700,156.6500,159.7500,932132
2021-07-07,168.0800,169.3359,164.4850,164.6800,515603
2021-07-06,161.3600,166.8900,160.9700,166.0100,336065
2021-07-02,163.2500,164.7000,161.0900,162.1900,293635
2021-07-01,160.3800,162.8700,158.3100,161.1600,471081
2021-06-30,164.0500,164.5900,161.0400,161.8000,734806
2021-06-29,165.7800,165.9000,162.2100,164.1700,473405
2021-06-28,164.5100,167.1600,163.8000,165.4900,386611
2021-06-25,163.8800,164.1350,160.5000,163.4300,722921
2021-06-24,162.9600,164.5700,160.6600,162.7200,619919
2021-06-23,159.2100,162.3200,159.2100,161.9700,885305
2021-06-22,156.3400,159.9400,155.5000,159.2800,817198
2021-06-21,152.5800,155.9600,149.1300,155.7400,943856
2021-06-18,151.8900,156.0500,149.3600,153.8800,1121484
2021-06-17,141.2400,151.7700,141.2400,151.0100,1079537
2021-06-16,140.0000,143.8300,139.1100,142.5600,889933
2021-06-15,140.4800,141.2100,138.3200,140.2300,682270
2021-06-14,138.5600,141.8300,136.3900,140.1300,932386
2021-06-11,134.9200,139.0800,134.3710,138.6700,901121
2021-06-10,129.6000,135.5800,128.0600,135.5000,882288
2021-06-09,132.3100,133.8600,130.0400,130.3200,366365
2021-06-08,132.0500,134.8700,130.5600,131.3500,588553
2021-06-07,123.5600,131.6950,122.7200,130.7100,859016
2021-06-04,127.1500,128.7600,123.5200,124.8000,573549
2021-06-03,128.5000,128.9800,125.2500,125.6300,473639
2021-06-02,128.0100,130.5000,127.0100,129.2600,490358
2021-06-01,132.6500,133.3431,127.8400,129.3300,518273
2021-05-28,132.6000,136.7000,131.4100,132.1700,631271
2021-05-27,131.2100,133.7150,128.4800,131.3600,817209
2021-05-26,132.0000,134.0650,131.1100,133.4300,831028
2021-05-25,130.0000,131.9000,129.0000,131.3500,704367
