timestamp,open,high,low,close,volume
2021-10-14,5.0200,5.1500,5.0140,5.1300,555251
2021-10-13,4.9100,5.0500,4.9000,4.9400,770876
2021-10-12,5.0600,5.0700,4.9950,5.0200,539025
2021-10-11,5.0600,5.1150,5.0600,5.0600,301438
2021-10-08,5.1100,5.1800,5.0850,5.1300,401562
2021-10-07,5.1400,5.2600,5.1400,5.2300,515835
2021-10-06,5.2000,5.2700,5.1100,5.2100,415825
2021-10-05,5.3900,5.4200,5.3500,5.3800,231774
2021-10-04,5.5300,5.5300,5.3850,5.4000,221888
2021-10-01,5.4700,5.5700,5.4500,5.5500,240912
2021-09-30,5.4400,5.5100,5.4100,5.4400,306902
2021-09-29,5.4900,5.5600,5.4650,5.4900,350574
2021-09-28,5.6200,5.6400,5.5300,5.5400,493586
2021-09-27,5.6600,5.7000,5.6250,5.6400,380917
2021-09-24,5.2900,5.4200,5.2900,5.4200,315114
2021-09-23,5.2400,5.3600,5.2400,5.3500,242963
2021-09-22,5.1000,5.2400,5.0950,5.2000,276348
2021-09-21,5.1400,5.1544,5.0300,5.0600,325947
2021-09-20,5.1500,5.1800,5.0500,5.1100,550822
2021-09-17,5.3900,5.4100,5.2500,5.2800,555164
2021-09-16,5.2000,5.2300,5.1300,5.2300,304277
""
2021-09-15,5.2200,5.2500,5.1800,5.2200,218049
2021-09-14,5.3500,5.3500,5.2201,5.2300,289255
2021-09-13,5.3200,5.3700,5.3050,5.3200,342934
2021-09-10,5.4400,5.4400,5.3100,5.3200,379258
2021-09-09,5.3900,5.5000,5.3600,5.4600,323260
2021-09-08,5.6300,5.6400,5.4710,5.4900,446897
2021-09-07,5.8100,5.8600,5.7600,5.7800,303286
2021-09-03,5.7900,5.8200,5.7650,5.7900,232779
2021-09-02,5.9100,5.9900,5.8900,5.9300,227168
2021-09-01,6.0400,6.0600,5.9800,6.0000,317954
2021-08-31,6.0000,6.1000,6.0000,6.0400,418438
2021-08-30,6.0000,6.0000,5.9250,5.9300,266482
2021-08-27,5.9600,6.0264,5.9600,5.9900,341207
2021-08-26,5.9700,6.0300,5.9000,5.9400,336424
2021-08-25,5.9400,6.0100,5.9300,5.9500,484228
2021-08-24,5.7700,5.8950,5.7650,5.8700,301725
2021-08-23,5.7400,5.7950,5.7350,5.7700,283816
2021-08-20,5.5700,5.6700,5.5600,5.6300,315651
2021-08-19,5.6800,5.7100,5.5800,5.6000,555432
2021-08-18,5.6900,5.7900,5.6700,5.7000,494801
2021-08-17,5.5700,5.6550,5.5400,5.6000,393408
2021-08-16,5.6400,5.6750,5.5900,5.6500,313810
2021-08-13,5.7700,5.7800,5.6900,5.7300,379590
2021-08-12,5.7500,5.7700,5.7000,5.7400,283874
2021-08-11,5.7300,5.8300,5.7000,5.7800,468486
2021-08-10,5.7300,5.7700,5.7000,5.7200,315141
2021-08-09,5.6800,5.7600,5.6400,5.7100,344464
2021-08-06,5.6500,5.6750,5.6000,5.6400,348561
2021-08-05,5.7100,5.8000,5.6600,5.7700,453438
2021-08-04,5.6600,5.7150,5.6050,5.6400,548883
2021-08-03,5.6800,5.6800,5.5500,5.6100,294587
2021-08-02,5.5300,5.6100,5.5200,5.5500,422119
2021-07-30,5.5900,5.6200,5.5000,5.5400,365788
2021-07-29,5.6300,5.6700,5.5800,5.6400,382826
2021-07-28,5.5300,5.5950,5.5000,5.5700,296279
2021-07-27,5.4600,5.4900,5.4200,5.4900,409720
2021-07-26,5.5400,5.5873,5.5100,5.5300,345034
2021-07-23,5.4600,5.4800,5.3400,5.3700,547960
2021-07-22,5.5700,5.5900,5.4300,5.4400,582859
2021-07-21,5.5400,5.6550,5.5400,5.6100,740397
2021-07-20,5.1600,5.3200,5.1400,5.3100,953095
2021-07-19,5.1600,5.1800,5.0424,5.1600,1210873
2021-07-16,5.5000,5.5300,5.4100,5.4400,632779
2021-07-15,5.6300,5.6700,5.5100,5.6000,689908
2021-07-14,5.7500,5.7900,5.6300,5.6800,571140
2021-07-13,5.7500,5.7900,5.7100,5.7100,936345
2021-07-12,5.9400,5.9900,5.9000,5.9200,665100
2021-07-09,5.9800,6.0400,5.9500,6.0300,724546
2021-07-08,5.7500,5.8500,5.7100,5.8300,812111
2021-07-07,5.9900,6.0099,5.8000,5.8100,1065578
2021-07-06,6.1400,6.1400,5.9200,6.0000,1366349
2021-07-02,6.2100,6.2400,6.0500,6.1000,1829462
2021-07-01,6.8700,6.8900,6.3000,6.3900,4039659
2021-06-30,7.4900,7.5600,7.4400,7.5300,751466
2021-06-29,7.4500,7.5100,7.4250,7.4400,426673
2021-06-28,7.4300,7.4600,7.2600,7.2900,343579
2021-06-25,7.4900,7.5900,7.4300,7.4500,563532
2021-06-24,7.1900,7.2500,7.1850,7.2200,301211
2021-06-23,7.1400,7.2700,7.1300,7.2100,467603
2021-06-22,6.9600,6.9800,6.8500,6.9700,428790
2021-06-21,7.0800,7.0900,7.0000,7.0700,322087
2021-06-18,7.0500,7.0950,6.9850,7.0800,962404
2021-06-17,7.0200,7.1000,6.9600,7.0500,1099041
2021-06-16,7.2100,7.2300,7.0600,7.1200,428260
2021-06-15,7.2900,7.3500,7.2100,7.2500,531242
2021-06-14,7.2500,7.2650,7.1550,7.1900,359157
2021-06-11,7.1200,7.1500,7.1100,7.1200,252187
2021-06-10,7.0100,7.0600,6.9800,7.0200,425723
2021-06-09,7.0600,7.1100,7.0300,7.0600,611613
2021-06-08,7.3000,7.3300,7.2700,7.2900,270161
2021-06-07,7.3600,7.4200,7.2900,7.3500,333200
2021-06-04,7.3700,7.4400,7.3500,7.4400,380335
2021-06-03,7.3500,7.4300,7.3400,7.3800,389838
2021-06-02,7.3500,7.4300,7.3200,7.3500,513298
2021-06-01,7.4500,7.4600,7.3300,7.3800,346190
2021-05-28,7.3100,7.3800,7.2900,7.3200,404982
2021-05-27,7.3200,7.3500,7.2500,7.3300,1123397
2021-05-26,7.0800,7.2000,7.0800,7.1500,667395
2021-05-25,7.1000,7.1350,6.9700,6.9900,660835
