timestamp,open,high,low,close,volume
2021-10-14,149.5900,152.9300,149.3700,152.3600,762455
2021-10-13,146.8900,149.1700,146.6000,148.8600,943845
2021-10-12,147.5900,149.1800,146.2000,146.5600,828222
2021-10-11,147.0900,150.3100,147.0100,147.5900,746409
2021-10-08,153.6600,154.1950,147.2100,147.8300,1809874
2021-10-07,152.0000,154.8200,150.3500,153.6800,980213
2021-10-06,148.1000,151.7400,147.1200,151.4000,1012793
2021-10-05,149.0700,151.5739,148.2100,150.1200,1025133
2021-10-04,151.1500,152.6500,147.4400,148.5200,1079554
2021-10-01,150.5900,152.5200,149.1141,151.9100,679833
2021-09-30,150.1000,151.3600,146.5700,148.7000,965708
2021-09-29,149.7600,151.8100,148.8100,150.5200,854508
2021-09-28,147.9100,149.9900,147.1907,149.4000,1369448
2021-09-27,144.4900,149.6000,144.0900,149.1500,1430844
2021-09-24,142.5100,146.2600,142.3903,145.5600,1227888
2021-09-23,140.0800,145.0950,139.3036,142.1600,1898287
2021-09-22,137.8900,139.8500,136.5700,138.3700,2285717
2021-09-21,139.6600,140.8100,137.6000,138.0300,1556314
2021-09-20,137.5800,139.6394,137.0100,138.9200,1766307
2021-09-17,139.9100,140.6300,137.8000,139.6700,2320841
2021-09-16,142.0400,142.4300,139.3816,139.8900,1346128
2021-09-15,140.4000,142.2200,139.0300,141.9000,1873654
2021-09-14,142.1200,142.7100,139.1200,139.9600,2226564
2021-09-13,142.1400,144.9000,141.4100,142.0200,1931001
2021-09-10,145.9200,146.2500,140.8100,141.3200,1995073
2021-09-09,145.2200,146.4500,144.3100,145.5500,1426552
2021-09-08,145.8300,146.6700,145.0900,145.7300,1095936
2021-09-07,146.5200,146.8350,144.9600,145.6300,1413137
2021-09-03,145.9000,147.9800,145.0600,145.1100,1096113
2021-09-02,147.1800,147.3100,145.6200,146.1700,1206731
2021-09-01,146.9600,148.3000,146.1600,146.8600,1766911
2021-08-31,150.0800,150.3900,147.7500,148.8700,1410563
2021-08-30,148.0300,150.5900,148.0300,149.5900,2030775
2021-08-27,149.2100,150.0000,143.1200,148.1800,5420564
2021-08-26,158.4200,159.8700,157.0200,158.8000,1842981
2021-08-25,157.6100,160.0000,156.0700,158.4900,829098
2021-08-24,157.8700,158.9500,156.2300,156.9000,947604
2021-08-23,156.5100,158.3000,155.6100,157.7900,768431
2021-08-20,153.8100,156.5700,153.6400,155.3800,926302
2021-08-19,153.5800,154.0900,151.9000,153.0700,756843
2021-08-18,154.6100,155.7900,154.3200,154.4700,753808
2021-08-17,156.7200,156.9100,154.8400,155.5100,1158743
2021-08-16,157.5600,158.0000,155.2600,157.3400,669495
2021-08-13,156.7000,157.6600,156.4400,157.6600,644844
2021-08-12,156.7000,157.7900,156.0307,156.6100,634674
2021-08-11,157.4500,157.5600,156.4900,157.3600,683212
2021-08-10,158.0000,158.5000,156.0400,156.8400,659448
2021-08-09,156.1500,158.3300,155.7700,157.2400,868031
2021-08-06,158.3200,158.8500,157.0400,157.3800,537842
2021-08-05,157.4400,158.6500,157.0641,158.6200,572833
2021-08-04,156.7000,157.5000,155.6600,156.7700,610920
2021-08-03,154.0600,158.1400,153.7100,157.3100,816510
2021-08-02,154.4400,155.0800,153.5300,154.1700,840458
2021-07-30,153.8700,155.1600,153.1700,153.7400,675452
2021-07-29,155.0700,155.8050,151.9400,154.6700,986361
2021-07-28,156.9100,157.9000,155.1400,155.5100,488089
2021-07-27,156.6700,159.4000,155.1100,156.9900,619074
2021-07-26,157.7600,158.1900,156.8600,157.4000,493598
2021-07-23,157.2500,158.6200,156.7900,158.3400,635563
2021-07-22,156.3200,158.0000,155.5800,156.9200,421767
2021-07-21,155.3600,157.3700,154.7200,156.3200,675222
2021-07-20,151.7500,156.5000,151.4300,155.3100,1162212
2021-07-19,148.3400,151.6800,147.8500,150.8400,868090
2021-07-16,151.8600,152.1600,149.7800,150.0700,715088
2021-07-15,150.1600,153.0100,148.9200,150.9500,854425
2021-07-14,152.3700,152.8900,150.3200,150.5200,1125616
2021-07-13,153.4200,153.7400,150.6100,151.2100,1394185
2021-07-12,159.0400,159.1000,154.2600,154.4100,989915
2021-07-09,158.8000,159.7700,157.4600,159.4800,828169
2021-07-08,156.0600,159.3900,155.5900,158.2200,834588
2021-07-07,157.0000,158.9696,156.7700,158.0200,651086
2021-07-06,157.0100,158.7000,155.9000,156.7700,650052
2021-07-02,156.0500,157.8800,155.4100,157.6800,627795
2021-07-01,158.5300,158.9550,155.0400,156.1300,1314699
2021-06-30,161.5700,162.0500,159.9400,159.9700,956185
2021-06-29,160.0000,164.0000,159.3250,161.7800,980278
2021-06-28,157.4200,159.9000,156.9600,159.5000,880082
2021-06-25,157.0900,158.6800,156.7500,157.1200,1627537
2021-06-24,157.0000,157.3425,155.6600,155.8200,521391
2021-06-23,158.1100,158.3650,155.8501,155.9800,655857
2021-06-22,157.0000,158.0100,156.0100,157.6400,971623
2021-06-21,155.3900,158.7300,154.2800,157.3400,900801
2021-06-18,156.7600,156.8900,153.3400,154.5200,2334471
2021-06-17,156.9900,158.0500,156.0600,156.9500,767995
2021-06-16,159.1800,159.6059,156.4000,157.3600,873943
2021-06-15,160.7200,160.8700,158.5800,158.9500,1012243
2021-06-14,163.7600,164.4850,159.2200,160.5700,1186591
2021-06-11,164.0000,164.7300,163.0900,164.1900,749872
2021-06-10,162.0000,163.8750,161.9700,163.4900,1108358
2021-06-09,162.8700,163.4000,161.8300,162.0000,1281936
2021-06-08,161.8000,163.4300,161.3800,162.0700,859917
2021-06-07,161.4700,161.7450,160.2700,161.1500,814759
2021-06-04,161.1300,162.0500,160.3100,161.3700,942585
2021-06-03,158.2700,161.2800,157.8000,159.9700,1006921
2021-06-02,160.2300,162.7300,158.9100,159.6000,1447411
2021-06-01,159.3400,162.3700,157.6000,161.2600,1775874
2021-05-28,161.4700,161.5100,156.2500,157.8900,1655276
2021-05-27,161.2000,161.6950,159.5700,161.2100,1509492
2021-05-26,161.3100,162.2600,160.4600,160.7400,858837
2021-05-25,163.4700,163.5400,161.0200,161.1200,796171
