timestamp,open,high,low,close,volume
2021-06-25,7.6100,7.6100,7.2400,7.5000,500156
2021-06-24,7.5400,7.7100,7.5400,7.7000,24539
2021-06-23,7.5600,7.6179,7.5400,7.5500,22580
2021-06-22,7.4600,7.5500,7.4500,7.5500,62938
2021-06-21,7.5200,7.5400,7.4300,7.5200,47361
2021-06-18,7.5100,7.5400,7.4200,7.4500,113471
2021-06-17,7.4600,7.5000,7.3100,7.5000,90301
2021-06-16,7.3600,7.4500,7.3500,7.4500,28972
2021-06-15,7.3400,7.4100,7.3200,7.4100,23298
2021-06-14,7.3300,7.4200,7.3300,7.4200,2616
2021-06-11,7.3000,7.3500,7.1900,7.3500,10404
2021-06-10,7.3200,7.3600,7.2500,7.3500,16731
2021-06-09,7.3793,7.3793,7.3000,7.3000,9057
2021-06-08,7.3800,7.4600,7.3300,7.4400,7918
2021-06-07,7.4000,7.4100,7.1600,7.4100,19628
2021-06-04,7.3900,7.4800,7.2400,7.4800,25308
2021-06-03,7.2300,7.3000,7.2000,7.2000,3836
2021-06-02,7.1900,7.3900,7.1872,7.3400,15411
2021-06-01,7.2300,7.3000,7.2100,7.3000,15569
2021-05-28,7.1500,7.2200,7.0500,7.2200,12719
2021-05-27,7.0400,7.1500,6.9900,7.1500,7292
2021-05-26,6.9700,7.1000,6.9600,7.1000,19801
2021-05-25,7.0200,7.0500,6.9664,7.0500,15028
2021-05-24,6.9700,7.0500,6.9100,7.0500,19158
2021-05-21,7.0000,7.0500,6.8800,7.0000,23904
2021-05-20,7.0400,7.1800,6.9300,7.1000,32657
2021-05-19,7.0300,7.1000,6.9500,7.1000,35463
2021-05-18,7.0500,7.1600,7.0000,7.1600,11355
2021-05-17,7.0000,7.0600,6.9800,7.0600,18661
2021-05-14,7.0100,7.1000,7.0100,7.1000,3357
2021-05-13,7.0000,7.0300,6.9200,7.0300,14662
2021-05-12,7.0000,7.0400,6.9600,7.0000,7915
2021-05-11,7.0100,7.1500,7.0100,7.1500,13641
2021-05-10,7.1600,7.5000,7.0300,7.1800,12011
2021-05-07,7.0700,7.2200,7.0500,7.2000,37925
2021-05-06,7.0700,7.1100,7.0000,7.1100,29482
2021-05-05,6.9300,7.2000,6.9300,7.0500,22800
2021-05-04,6.9000,7.0000,6.8700,6.9700,15269
2021-05-03,6.9300,7.0300,6.8800,7.0300,10107
2021-04-30,7.0090,7.0800,6.8800,7.0300,34543
2021-04-29,7.0700,7.1000,7.0000,7.1000,15553
2021-04-28,6.9500,7.1600,6.9500,7.1000,45463
2021-04-27,6.9400,7.0000,6.9300,7.0000,12125
2021-04-26,6.8800,7.0200,6.8500,7.0200,27210
2021-04-23,6.9000,6.9500,6.8100,6.9200,31085
2021-04-22,6.8200,6.9600,6.8200,6.9300,21896
2021-04-21,6.8800,6.8800,6.6900,6.7500,12016
2021-04-20,6.8100,6.8800,6.7300,6.8800,26325
2021-04-19,6.7200,6.8800,6.7200,6.8800,47691
2021-04-16,6.6800,6.7700,6.6710,6.7100,9042
2021-04-15,6.7600,6.7600,6.5900,6.7000,17092
2021-04-14,6.6300,6.6700,6.2300,6.2300,67690
2021-04-13,6.6100,6.6500,6.6100,6.6300,11290
2021-04-12,6.7300,6.7300,6.6100,6.6300,22113
2021-04-09,6.7200,6.7400,6.6469,6.7400,24466
2021-04-08,6.6800,6.8300,6.6800,6.7600,78489
2021-04-07,6.7900,6.7900,6.6700,6.6900,1892
2021-04-06,6.6400,6.7500,6.6400,6.7400,4335
2021-04-05,6.6600,6.6700,6.6400,6.6400,2648
2021-04-01,6.6400,6.6600,6.5500,6.6300,11093
2021-03-31,6.5200,6.6700,6.5000,6.6400,38631
2021-03-30,6.4700,6.6000,6.4500,6.5300,27400
2021-03-29,6.4500,6.5700,6.4500,6.4700,23201
2021-03-26,6.5900,6.6200,6.4900,6.6000,22380
2021-03-25,6.6300,6.6700,6.5200,6.6000,14223
2021-03-24,6.8000,6.8000,6.5800,6.6500,31316
2021-03-23,6.8400,6.9600,6.7400,6.8000,31892
2021-03-22,6.7300,7.0000,6.7300,6.8300,39515
2021-03-19,6.6500,6.7500,6.6500,6.7000,20935
2021-03-18,6.6100,6.7000,6.6100,6.7000,41297
2021-03-17,6.5300,6.7500,6.5300,6.7500,30204
2021-03-16,6.6500,6.6600,6.5600,6.6600,21267
2021-03-15,6.5700,6.6600,6.5700,6.6600,21277
2021-03-12,6.7100,6.8000,6.6500,6.8000,30793
2021-03-11,6.6400,6.7900,6.6100,6.7900,16549
2021-03-10,6.4700,6.6600,6.4700,6.6600,18761
2021-03-09,6.3900,6.5100,6.3600,6.5000,38355
2021-03-08,6.5100,6.5500,6.3800,6.5500,25979
2021-03-05,6.5500,6.7500,6.4300,6.7500,32441
2021-03-04,6.8300,6.8400,6.5100,6.7600,55804
2021-03-03,6.6900,6.9500,6.5900,6.9500,66115
2021-03-02,6.7600,6.7900,6.7000,6.7600,32573
2021-03-01,6.8900,7.0000,6.8200,6.9500,83505
2021-02-26,6.9800,7.0600,6.8000,7.0000,71175
2021-02-25,7.0100,7.0500,6.9000,7.0400,42366
2021-02-24,7.0400,7.1100,6.6400,6.6400,19015
2021-02-23,6.9900,7.0900,6.9500,7.0800,16460
2021-02-22,6.9600,7.0700,6.9400,7.0500,28445
2021-02-19,7.0800,7.1900,6.9800,6.9800,189048
2021-02-18,7.0800,7.1100,7.0300,7.0500,19082
2021-02-17,7.1600,7.1792,7.0400,7.0800,28906
2021-02-16,7.1592,7.1800,7.1200,7.1200,3225
2021-02-12,7.1300,7.1600,7.0800,7.1300,16631
2021-02-11,7.1100,7.1500,7.0800,7.1100,10064
2021-02-10,7.1500,7.1500,7.0800,7.1000,15526
2021-02-09,7.0700,7.1400,7.0100,7.0900,6462
2021-02-08,7.0100,7.1500,7.0100,7.0900,14942
2021-02-05,6.9500,7.1000,6.9500,7.0700,46286
2021-02-04,6.9700,6.9700,6.9000,6.9500,5600
2021-02-03,7.0000,7.0400,6.9800,7.0000,9350
