timestamp,open,high,low,close,volume
2021-10-14,67.5000,70.5750,67.4650,69.3600,1918865
2021-10-13,66.4600,67.2500,65.0700,65.9900,1596067
2021-10-12,64.4500,66.2200,64.0900,65.9000,909362
2021-10-11,64.4000,65.9700,63.3000,64.0600,925252
2021-10-08,67.2100,67.5400,65.1450,65.1600,984957
2021-10-07,66.5400,68.2300,66.5100,66.7300,746276
2021-10-06,64.8000,66.9800,64.4100,65.9200,654561
2021-10-05,64.8100,66.5316,64.8100,65.6500,1054689
2021-10-04,68.5200,68.5700,63.9000,64.3500,1651130
2021-10-01,69.0200,69.7300,67.7100,69.2500,809740
2021-09-30,70.4800,71.0650,68.4700,68.8200,1195910
2021-09-29,71.3200,71.4200,69.2200,69.9300,712099
2021-09-28,72.9600,72.9600,70.2600,70.4000,973642
2021-09-27,75.0500,75.5100,73.2600,74.5100,562144
2021-09-24,76.5700,76.8400,75.0301,76.7100,598281
2021-09-23,76.8500,77.2450,75.5700,77.1000,601421
2021-09-22,73.3100,76.2700,72.9000,76.2500,1265988
2021-09-21,72.8100,74.2800,72.2800,73.3500,849536
2021-09-20,72.4000,72.8500,70.7700,72.0600,936479
2021-09-17,74.9900,75.0000,72.4700,74.2500,1639981
2021-09-16,72.8500,74.9400,72.0650,74.6400,727132
2021-09-15,70.6600,72.9300,70.4400,72.8300,994712
2021-09-14,70.8100,72.0785,70.3500,70.7500,785701
2021-09-13,72.5700,72.7700,70.0000,70.5700,1441785
2021-09-10,75.0000,76.5000,72.8400,72.8900,1162990
2021-09-09,70.8900,75.0695,70.6000,75.0100,2934787
2021-09-08,71.2100,76.4900,70.3600,70.8400,4648126
2021-09-07,83.6300,84.5100,81.9400,82.7400,2675334
2021-09-03,81.4600,85.6500,81.3101,83.7700,2098749
2021-09-02,81.7100,82.0000,80.4300,81.1500,1676839
2021-09-01,80.1800,81.6200,80.1800,81.4400,899473
2021-08-31,80.3100,80.3100,78.8300,79.5700,658937
2021-08-30,78.5600,80.6900,78.0209,80.4900,917396
2021-08-27,75.3300,78.6300,75.2800,78.2900,973101
2021-08-26,77.6000,77.9500,75.0600,75.1100,405630
2021-08-25,77.5200,78.7200,76.6900,77.1700,703388
2021-08-24,76.9400,77.5900,75.9700,77.0600,1103734
2021-08-23,73.6000,76.5100,73.2250,76.3000,1530220
2021-08-20,71.7400,73.6000,71.7350,73.2200,877652
2021-08-19,70.6400,73.5500,69.7500,71.9800,1515607
2021-08-18,68.2100,69.2200,67.7900,68.2500,978178
2021-08-17,67.3500,68.6250,66.7300,67.8600,1168594
2021-08-16,68.9300,69.3300,67.6000,68.2300,551381
2021-08-13,68.6200,69.4800,68.1900,69.3300,741644
2021-08-12,67.3500,69.0400,67.3500,68.6200,516565
2021-08-11,69.0200,69.4600,67.0300,67.7200,419197
2021-08-10,72.0200,72.4800,67.9500,68.6500,575396
2021-08-09,71.4200,72.6500,71.0600,71.9600,386085
2021-08-06,71.8100,71.9050,70.0600,71.6400,645886
2021-08-05,72.1900,72.7500,70.8500,71.9200,742544
2021-08-04,71.5000,72.7500,71.4300,72.4900,669862
2021-08-03,72.3700,73.0000,70.7700,71.2900,438613
2021-08-02,72.7300,73.7300,71.5000,72.5200,604562
2021-07-30,72.8800,73.6300,72.4100,72.5500,655520
2021-07-29,73.2200,74.7900,73.1800,73.3300,516067
2021-07-28,72.5100,74.2200,72.3900,73.5600,539464
2021-07-27,74.9400,74.9400,71.2000,72.7400,642625
2021-07-26,74.4700,74.8500,73.5100,74.3800,794631
2021-07-23,73.1500,74.9000,72.8550,74.7900,609358
2021-07-22,72.6500,74.0200,72.4000,73.1400,465771
2021-07-21,71.7800,72.5600,70.4900,72.0300,814115
2021-07-20,71.4800,72.7650,70.1000,71.7300,821735
2021-07-19,70.0500,71.5200,68.9100,71.1600,844023
2021-07-16,70.9500,71.6800,70.1600,70.8800,460752
2021-07-15,72.6000,72.8300,69.8700,70.5900,643285
2021-07-14,74.7800,74.7800,72.3800,72.4100,916642
2021-07-13,73.0700,75.2600,73.0150,73.9000,653091
2021-07-12,75.2800,76.0600,73.1000,73.3700,401901
2021-07-09,73.8100,75.0700,73.0100,74.9300,484012
2021-07-08,72.6500,74.4988,71.7400,73.6100,689049
2021-07-07,77.1000,77.6700,74.9200,74.9700,1371647
2021-07-06,73.9600,76.1600,73.8400,76.1000,1214650
2021-07-02,72.8800,74.1300,72.8700,73.4700,1158301
2021-07-01,71.8900,72.9850,71.0150,72.1500,709121
2021-06-30,73.9600,74.0000,72.1100,72.3200,629767
2021-06-29,73.5000,74.4100,72.7700,73.8500,579930
2021-06-28,74.3000,74.6500,73.6900,73.8900,746219
2021-06-25,73.7600,73.9900,72.0600,73.4600,1677017
2021-06-24,73.4600,74.3200,73.0300,73.4100,1215311
2021-06-23,73.1500,73.4700,72.4800,72.8100,1035969
2021-06-22,71.1100,73.0500,70.5200,73.0100,1602181
2021-06-21,69.4600,72.0500,67.4700,71.2900,1660179
2021-06-18,68.5400,71.4700,67.7500,70.3000,4554844
2021-06-17,63.9600,68.7100,63.6600,68.4200,1803659
2021-06-16,63.8200,65.1400,63.0100,64.3800,1248892
2021-06-15,64.9600,65.5800,63.3500,64.0000,1037266
2021-06-14,64.6000,66.0000,61.7900,65.0800,4020108
2021-06-11,61.7200,65.0000,61.7200,64.9400,1446509
2021-06-10,61.4500,64.1300,61.3518,63.9900,1128237
2021-06-09,63.0600,63.4100,61.6900,61.9000,825542
2021-06-08,63.0200,64.5950,62.4900,62.9300,1524887
2021-06-07,62.5600,63.9700,61.1500,63.2300,1890326
2021-06-04,63.3100,64.4500,62.5000,63.3600,2378576
2021-06-03,62.8100,63.7800,59.2700,62.1000,4392987
2021-06-02,58.0800,60.9000,58.0800,60.1200,1776166
2021-06-01,59.2600,59.8200,57.5100,58.8900,1024241
2021-05-28,59.8200,60.5400,58.8900,59.0800,713304
2021-05-27,57.9900,60.2100,56.6600,59.2300,970584
2021-05-26,58.7700,59.7000,58.5300,59.2700,552170
2021-05-25,58.1500,59.0800,57.3800,58.5200,578354
