timestamp,open,high,low,close,volume
2021-10-14,12.2100,12.4300,12.2100,12.3400,25573
2021-10-13,12.5500,12.5500,12.3200,12.4100,7392
2021-10-12,12.5800,12.5800,12.2200,12.5500,15865
2021-10-11,12.7200,12.7600,12.6100,12.7600,5721
2021-10-08,12.8700,12.9390,12.6100,12.7600,7425
2021-10-07,13.1100,13.1100,12.8400,12.8900,7613
2021-10-06,12.8900,13.0000,12.5040,13.0000,12532
2021-10-05,12.7900,13.1800,12.6200,13.1100,82366
2021-10-04,12.5200,12.7900,12.4100,12.7900,26483
2021-10-01,12.2200,12.8600,12.1600,12.6500,18499
2021-09-30,12.3700,12.3700,12.2100,12.3100,11186
2021-09-29,12.8000,12.8000,12.1500,12.2000,36624
2021-09-28,12.8000,12.9700,12.7400,12.7400,7059
2021-09-27,12.9700,13.2000,12.7800,13.0600,24197
2021-09-24,12.6000,12.8950,12.3500,12.8000,27006
2021-09-23,12.1625,12.6100,12.1625,12.4900,12316
2021-09-22,12.1700,12.3800,12.1032,12.2000,16598
2021-09-21,12.4900,12.5100,12.1200,12.1200,7526
2021-09-20,12.6900,12.9400,12.3200,12.3500,10842
2021-09-17,13.1000,13.2600,13.0400,13.0400,8313
2021-09-16,12.9900,13.4700,12.9400,13.2200,28149
2021-09-15,12.6400,12.8931,12.5000,12.8400,4858
2021-09-14,13.4000,13.4000,12.3600,12.5300,43140
2021-09-13,13.1000,13.4300,13.1000,13.1100,16421
2021-09-10,13.2500,13.2500,12.9400,12.9400,13486
2021-09-09,13.3000,13.4862,13.2000,13.2100,6687
2021-09-08,13.7300,13.7300,13.4000,13.4100,3402
2021-09-07,13.2400,14.1700,13.1200,13.8600,24435
2021-09-03,13.0400,13.2900,13.0300,13.1200,7313
2021-09-02,13.2200,13.3500,12.9500,13.0300,21182
2021-09-01,13.3700,13.5900,13.1300,13.2900,18289
2021-08-31,13.1900,13.4000,12.9700,13.1300,24864
2021-08-30,13.4500,13.6993,13.1300,13.2000,12047
2021-08-27,13.1352,14.0200,13.1200,14.0200,10171
2021-08-26,13.9800,13.9800,13.0800,13.0900,12124
2021-08-25,14.1300,14.4300,13.8700,14.2300,17610
2021-08-24,12.6600,14.1300,12.6600,14.1300,62346
2021-08-23,12.4400,12.5778,12.2800,12.4800,29418
2021-08-20,13.0200,13.1400,12.5500,12.5500,18418
2021-08-19,13.2700,13.2700,12.9300,13.0300,4670
2021-08-18,13.2200,13.7900,13.2200,13.5200,10182
2021-08-17,13.6500,13.6700,13.3400,13.4000,18002
2021-08-16,13.9100,13.9400,13.2900,13.6100,20737
2021-08-13,14.3000,14.4700,13.9900,14.0500,15783
2021-08-12,14.5500,14.5500,14.1500,14.3200,17534
2021-08-11,14.5600,14.7179,14.1500,14.3300,27850
2021-08-10,14.6900,14.7000,14.2000,14.6600,30832
2021-08-09,14.2900,14.7200,14.1500,14.5300,37311
2021-08-06,14.7500,14.7500,14.0700,14.3900,14017
2021-08-05,14.1900,14.6800,14.0094,14.4900,20016
2021-08-04,13.6400,14.3900,13.5500,14.3600,29470
2021-08-03,14.0400,14.1788,13.7550,13.8900,30386
2021-08-02,13.2900,14.3000,13.1500,14.2100,55005
2021-07-30,13.5800,13.7300,13.2700,13.3600,9407
2021-07-29,13.4700,13.8000,13.4700,13.7800,33504
2021-07-28,13.3100,13.6700,13.2000,13.6700,11293
2021-07-27,13.3000,13.5000,12.6700,13.0300,44970
2021-07-26,14.0300,14.0938,13.3800,13.4000,17230
2021-07-23,13.9400,14.2500,13.9200,13.9200,27490
2021-07-22,13.4500,14.2700,13.2500,14.0900,42162
2021-07-21,13.5000,13.9000,13.4101,13.6300,15820
2021-07-20,13.3600,13.8000,13.2000,13.5600,41786
2021-07-19,12.2600,13.7000,12.2600,13.2900,61035
2021-07-16,13.4000,13.4100,12.5000,12.6800,89555
2021-07-15,13.4700,13.8800,13.1200,13.3500,41508
2021-07-14,14.0400,14.0400,13.5200,13.6400,26448
2021-07-13,14.3100,14.3314,13.8900,13.9500,59670
2021-07-12,14.3100,14.4600,13.8400,14.3000,91412
2021-07-09,14.6700,14.6700,14.2700,14.3900,132261
2021-07-08,15.0100,15.0100,14.1850,14.4500,131178
2021-07-07,16.2000,16.2500,15.1000,15.1500,63919
2021-07-06,16.2000,16.2900,16.0589,16.2100,49911
2021-07-02,16.4000,16.5099,16.1100,16.3500,53509
2021-07-01,16.7900,16.7900,16.2500,16.3600,50977
2021-06-30,14.9600,16.7900,14.4600,16.5900,220244
2021-06-29,14.8500,15.1800,14.6900,15.0300,51787
2021-06-28,14.9100,15.0300,14.7400,14.9400,32314
2021-06-25,14.8900,15.0500,14.5100,14.9200,35980
2021-06-24,14.5000,14.8400,14.2000,14.7600,38051
2021-06-23,14.6500,14.7700,14.1000,14.3900,45574
2021-06-22,14.2400,14.9500,14.2300,14.7700,43168
2021-06-21,14.0000,14.3600,13.8300,14.3000,137372
2021-06-18,13.8000,14.3900,13.7100,13.8900,298307
2021-06-17,14.9800,14.9800,13.7600,13.9100,83883
2021-06-16,14.6700,15.1400,14.5400,15.0300,61459
2021-06-15,15.5500,15.5500,14.4500,14.6600,145633
2021-06-14,15.7700,15.9200,15.3700,15.4700,111293
2021-06-11,16.4000,16.4000,15.5900,15.7200,80813
2021-06-10,16.3600,16.6300,16.3200,16.4000,74633
2021-06-09,16.4000,16.6600,16.1800,16.2000,89516
2021-06-08,16.2900,16.4700,16.0900,16.3900,160815
2021-06-07,15.1800,16.3000,15.1500,16.2000,83984
2021-06-04,14.8800,15.4003,14.8400,15.3200,44193
2021-06-03,14.8700,15.0000,14.6500,14.9700,70210
2021-06-02,15.0000,15.0000,14.7100,14.8000,70955
2021-06-01,15.0000,15.4200,14.6500,15.3200,189702
2021-05-28,14.2000,14.8899,14.2000,14.5300,87393
2021-05-27,14.2667,14.6150,14.2301,14.4100,84426
2021-05-26,13.8800,13.9799,13.8100,13.9700,10056
2021-05-25,13.9800,13.9800,13.7500,13.8600,11504
