timestamp,open,high,low,close,volume
2021-10-14,51.9800,51.9800,51.9800,51.9800,0
2021-10-13,51.9800,51.9800,51.9800,51.9800,0
2021-10-12,51.9800,51.9800,51.9800,51.9800,0
2021-10-11,51.9800,51.9800,51.9800,51.9800,0
2021-10-08,51.9800,51.9800,51.9800,51.9800,0
2021-10-07,51.9800,51.9800,51.9800,51.9800,0
2021-10-06,51.9800,51.9800,51.9800,51.9800,0
2021-10-05,51.9800,51.9800,51.9800,51.9800,0
2021-10-04,51.9800,51.9800,51.9800,51.9800,0
2021-10-01,51.9800,51.9800,51.9800,51.9800,0
2021-09-30,51.9800,51.9800,51.9800,51.9800,0
2021-09-29,51.9800,51.9800,51.9800,51.9800,0
2021-09-28,51.9800,51.9800,51.9800,51.9800,0
2021-09-27,51.9800,51.9800,51.9800,51.9800,0
2021-09-24,51.9800,51.9800,51.9800,51.9800,0
2021-09-23,51.9800,51.9800,51.9800,51.9800,0
2021-09-22,51.9800,51.9800,51.9800,51.9800,0
2021-09-21,51.9800,51.9800,51.9800,51.9800,0
2021-09-20,51.9800,51.9800,51.9800,51.9800,0
2021-09-17,51.9800,51.9800,51.9800,51.9800,0
2021-09-16,51.9800,51.9800,51.9800,51.9800,0
2021-09-15,51.9800,51.9800,51.9800,51.9800,0
2021-09-14,51.9800,51.9800,51.9800,51.9800,0
2021-09-13,51.9800,51.9800,51.9800,51.9800,0
2021-09-10,51.9800,51.9800,51.9800,51.9800,0
2021-09-09,51.9800,51.9800,51.9800,51.9800,0
2021-09-08,51.9800,51.9800,51.9800,51.9800,0
2021-09-07,51.9800,51.9800,51.9800,51.9800,0
2021-09-03,51.9800,51.9800,51.9800,51.9800,0
2021-09-02,51.9800,51.9800,51.9800,51.9800,0
2021-09-01,51.9800,51.9800,51.9800,51.9800,0
2021-08-31,51.9800,51.9800,51.9800,51.9800,0
2021-08-30,51.9800,51.9800,51.9800,51.9800,0
2021-08-27,51.9800,51.9800,51.9800,51.9800,0
2021-08-26,51.9800,51.9800,51.9800,51.9800,0
2021-08-25,51.9800,51.9800,51.9800,51.9800,0
2021-08-24,51.9800,51.9800,51.9800,51.9800,0
2021-08-23,51.9800,51.9800,51.9800,51.9800,0
2021-08-20,51.9800,51.9800,51.9800,51.9800,0
2021-08-19,51.9800,51.9800,51.9800,51.9800,0
2021-08-18,51.9800,51.9800,51.9800,51.9800,0
2021-08-17,51.9800,51.9800,51.9800,51.9800,0
2021-08-16,51.9800,51.9800,51.9800,51.9800,0
2021-08-13,51.9800,51.9800,51.9800,51.9800,0
2021-08-12,51.9800,51.9800,51.9800,51.9800,0
2021-08-11,51.9800,51.9800,51.9800,51.9800,0
2021-08-10,51.9800,51.9800,51.9800,51.9800,0
2021-08-09,51.9800,51.9800,51.9800,51.9800,0
2021-08-06,51.9800,51.9800,51.9800,51.9800,0
2021-08-05,51.9800,51.9800,51.9800,51.9800,0
2021-08-04,51.9800,51.9800,51.9800,51.9800,0
2021-08-03,51.9800,51.9800,51.9800,51.9800,0
2021-08-02,51.9800,51.9800,51.9800,51.9800,0
2021-07-30,51.9800,51.9800,51.9800,51.9800,0
2021-07-29,51.9800,51.9800,51.9800,51.9800,0
2021-07-28,51.9800,51.9800,51.9800,51.9800,0
2021-07-27,51.9800,51.9800,51.9800,51.9800,0
2021-07-26,51.9800,51.9800,51.9800,51.9800,0
2021-07-23,51.9800,51.9800,51.9800,51.9800,0
2021-07-22,51.9800,51.9800,51.9800,51.9800,0
2021-07-21,51.9800,51.9800,51.9800,51.9800,0
2021-07-20,51.9800,51.9800,51.9800,51.9800,0
2021-07-19,51.9800,51.9800,51.9800,51.9800,0
2021-07-16,51.9800,51.9800,51.9800,51.9800,0
2021-07-15,51.9800,51.9800,51.9800,51.9800,0
2021-07-14,51.9800,51.9800,51.9800,51.9800,0
2021-07-13,51.9800,51.9800,51.9800,51.9800,0
2021-07-09,51.9800,51.9800,51.9800,51.9800,0
2021-07-08,51.9800,51.9800,51.9800,51.9800,0
2021-07-07,51.9800,51.9800,51.9800,51.9800,0
2021-07-06,51.9800,51.9800,51.9800,51.9800,0
2021-07-02,51.9800,51.9800,51.9800,51.9800,0
2021-07-01,51.9800,51.9800,51.9800,51.9800,0
2021-06-30,51.9800,51.9800,51.9800,51.9800,0
2021-06-29,51.9800,51.9800,51.9800,51.9800,0
2021-06-28,51.9800,51.9800,51.9800,51.9800,0
2021-06-25,51.9800,51.9800,51.9800,51.9800,0
2021-06-24,51.9800,51.9800,51.9800,51.9800,0
2021-06-23,51.9800,51.9800,51.9800,51.9800,0
2021-06-22,51.9800,51.9800,51.9800,51.9800,0
2021-06-21,51.9800,51.9800,51.9800,51.9800,0
2021-06-18,51.9800,51.9800,51.9800,51.9800,0
2021-06-17,51.9800,51.9800,51.9800,51.9800,0
2021-06-16,51.9800,51.9800,51.9800,51.9800,0
2021-06-15,51.9800,51.9800,51.9800,51.9800,0
2021-06-14,51.9800,51.9800,51.9800,51.9800,0
2021-06-11,51.9800,51.9800,51.9800,51.9800,0
2021-06-10,51.9800,51.9800,51.9800,51.9800,0
2021-06-09,51.9800,51.9800,51.9800,51.9800,0
2021-06-08,51.9800,51.9800,51.9800,51.9800,0
2021-06-07,51.9800,51.9800,51.9800,51.9800,0
2021-06-04,51.9800,51.9800,51.9800,51.9800,0
2021-06-03,51.9800,51.9800,51.9800,51.9800,0
2021-06-02,51.9800,51.9800,51.9800,51.9800,0
2021-06-01,51.9800,51.9800,51.9800,51.9800,0
2021-05-28,51.9800,51.9800,51.9800,51.9800,0
2021-05-27,51.9800,51.9800,51.9800,51.9800,0
2021-05-26,51.9800,51.9800,51.9800,51.9800,0
2021-05-25,51.9800,51.9800,51.9800,51.9800,0
2021-05-24,51.9800,51.9800,51.9800,51.9800,0
