timestamp,open,high,low,close,volume
2021-10-14,19.2500,19.8000,19.0000,19.5100,1584908
2021-10-13,18.0000,19.0100,17.9600,18.9100,1992562
2021-10-12,17.1700,17.9900,17.1400,17.9800,1355410
2021-10-11,17.1800,17.6700,16.6100,17.1100,947293
2021-10-08,16.7200,16.8100,16.4885,16.6500,610974
2021-10-07,16.3400,16.6500,16.2300,16.6300,926943
2021-10-06,16.2300,16.5600,16.1800,16.2200,678915
2021-10-05,16.1300,16.5000,16.1300,16.3100,624958
2021-10-04,16.8900,16.9550,15.9500,16.1300,877496
2021-10-01,17.0000,17.2450,16.3000,17.0600,1419523
2021-09-30,16.9300,17.0100,16.3500,16.5800,1636983
2021-09-29,16.4900,16.7300,16.2500,16.6400,1057504
2021-09-28,16.8800,16.9000,16.2200,16.3700,1037131
2021-09-27,17.3200,17.3750,16.9900,17.1800,648352
2021-09-24,17.3300,17.6700,17.1100,17.5000,735157
2021-09-23,17.2150,17.4200,17.0100,17.3500,459527
2021-09-22,17.0000,17.2500,16.8450,17.1200,379978
2021-09-21,16.8300,17.0800,16.6683,16.9500,641737
2021-09-20,16.5700,16.8800,16.3800,16.7500,904560
2021-09-17,17.3900,17.4900,16.8750,17.0500,1447687
2021-09-16,16.6100,17.2500,16.4750,17.2200,764344
2021-09-15,16.4200,16.7200,16.2000,16.6900,572358
2021-09-14,16.7100,16.8000,16.3700,16.4700,390067
2021-09-13,17.0000,17.0000,16.4400,16.6300,434795
2021-09-10,17.3600,17.4400,16.7500,16.8300,629198
2021-09-09,17.0300,17.5800,16.9500,17.2500,629910
2021-09-08,17.8100,18.0400,17.0800,17.1200,643387
2021-09-07,18.4000,18.4300,17.9800,18.0000,698332
2021-09-03,17.7900,18.4400,17.7182,18.4000,789241
2021-09-02,17.4500,18.1500,17.4500,17.9600,1060199
2021-09-01,17.0100,17.5600,16.9200,17.4800,878636
2021-08-31,16.9850,17.3000,16.8301,16.9800,1227488
2021-08-30,16.9600,17.0500,16.5200,17.0200,983678
2021-08-27,16.3900,17.0950,16.2824,16.9600,949208
2021-08-26,17.7900,18.6500,16.2300,16.3200,2540513
2021-08-25,16.4600,16.5700,16.2700,16.3500,867143
2021-08-24,16.2400,16.4100,16.2100,16.3700,427423
2021-08-23,15.7500,16.2500,15.7500,16.2100,508399
2021-08-20,15.2900,15.6600,15.2400,15.6500,856030
2021-08-19,15.2600,15.5010,15.2400,15.2700,531220
2021-08-18,15.7400,15.9100,15.4900,15.4900,388768
2021-08-17,15.5800,15.8500,15.4400,15.7700,625327
2021-08-16,15.8800,15.9000,15.4400,15.7400,689046
2021-08-13,15.9800,16.1200,15.7300,15.9600,579514
2021-08-12,15.7100,16.0600,15.6400,15.9800,571329
2021-08-11,15.7400,15.9400,15.5850,15.7600,1010438
2021-08-10,16.1800,16.4700,15.4500,15.7300,1912877
2021-08-09,15.9800,16.4000,15.7910,16.1800,717718
2021-08-06,16.4200,16.5200,16.0900,16.1800,1647420
2021-08-05,16.9200,16.9200,16.3400,16.4700,921531
2021-08-04,16.9800,17.2700,16.9300,16.9800,559345
2021-08-03,17.1600,17.2600,16.8900,17.0600,375225
2021-08-02,17.3300,17.5250,17.1500,17.2100,364975
2021-07-30,17.5000,17.7000,17.1300,17.2900,595771
2021-07-29,17.3800,18.0700,17.3800,17.5900,709412
2021-07-28,17.1800,17.6350,17.1501,17.4700,460203
2021-07-27,17.5900,17.6200,16.7300,17.1500,636149
2021-07-26,17.5550,17.8400,17.5400,17.6700,586089
2021-07-23,17.4000,17.6700,17.3096,17.6400,744256
2021-07-22,17.4800,17.7300,17.2500,17.3500,650550
2021-07-21,16.5100,17.3700,16.4010,17.3700,1091318
2021-07-20,15.9700,16.8000,15.8400,16.4700,1089374
2021-07-19,15.7700,16.2700,15.5800,15.9500,773075
2021-07-16,16.4200,16.5700,16.1000,16.1100,570413
2021-07-15,16.8100,16.9700,16.0300,16.2000,881651
2021-07-14,17.5500,17.7400,16.7900,16.8600,704377
2021-07-13,17.3900,17.5800,17.2400,17.4100,828045
2021-07-12,17.6000,17.7600,17.3090,17.4200,597663
2021-07-09,17.3800,17.6500,17.2000,17.6300,579890
2021-07-08,17.0600,17.6000,16.9000,17.3800,697242
2021-07-07,17.8500,17.9200,17.2600,17.4800,742009
2021-07-06,17.3600,18.1400,17.3600,17.7700,866633
2021-07-02,17.4900,17.6500,17.2300,17.3200,667475
2021-07-01,17.2500,17.3100,16.8600,17.2800,1308504
2021-06-30,18.3200,18.3200,17.2100,17.2500,1163907
2021-06-29,18.3000,18.3900,18.0300,18.3800,942110
2021-06-28,18.4000,18.6400,17.9600,18.2200,1134452
2021-06-25,18.1600,18.3900,18.0700,18.2900,1960039
2021-06-24,18.1400,18.3900,17.9550,18.1700,901111
2021-06-23,17.3000,18.2900,17.2900,17.9800,1893662
2021-06-22,17.1400,17.8400,17.0100,17.3000,2651019
2021-06-21,16.7600,17.3000,16.6000,17.1400,2304304
2021-06-18,16.5600,16.9000,16.3500,16.8400,1482455
2021-06-17,16.2000,16.7299,16.1300,16.5300,1101983
2021-06-16,16.0000,16.3900,15.7600,16.3900,1400030
2021-06-15,15.9700,16.3700,15.7900,16.0700,1255498
2021-06-14,15.6500,16.2100,15.5600,16.1900,1368041
2021-06-11,15.1400,15.6600,15.1200,15.6200,1519305
2021-06-10,14.9100,15.1500,14.8000,15.1100,727326
2021-06-09,15.3400,15.4900,14.9300,14.9500,724639
2021-06-08,15.0000,15.4000,14.9501,15.2200,677070
2021-06-07,14.9500,15.0900,14.7100,14.9900,632551
2021-06-04,14.9000,15.1700,14.8800,14.9300,642317
2021-06-03,15.0900,15.1000,14.7000,14.8500,711550
2021-06-02,15.0000,15.2200,14.8500,15.2100,912417
2021-06-01,15.3400,15.3400,14.6600,14.9800,2114645
2021-05-28,15.3100,15.6600,15.1800,15.4700,824552
2021-05-27,14.8400,15.3200,14.1900,15.0600,1500708
2021-05-26,14.9900,15.1400,14.9100,15.0400,1016203
2021-05-25,14.9800,15.3000,14.7700,14.7800,945894
