timestamp,open,high,low,close,volume
2021-10-14,7.4600,7.4776,7.1200,7.1400,471329
2021-10-13,7.3300,7.5000,7.1200,7.4600,529196
2021-10-12,7.5300,7.7400,7.2201,7.3400,811715
2021-10-11,7.3900,7.7900,7.3500,7.4500,932488
2021-10-08,7.5100,7.5600,7.1500,7.3100,881157
2021-10-07,7.2000,7.6200,7.2000,7.4800,1360629
2021-10-06,7.2500,7.4300,7.0300,7.0500,742130
2021-10-05,7.2300,7.5083,7.1501,7.3800,326891
2021-10-04,7.5700,7.6000,7.1800,7.2700,1000100
2021-10-01,7.6700,7.8400,7.3500,7.6200,1336536
2021-09-30,7.4500,7.7163,6.9700,7.5900,2507356
2021-09-29,7.2000,7.6300,6.8200,7.3600,7186666
2021-09-28,7.4300,7.4500,7.0200,7.1700,771530
2021-09-27,7.6000,7.6100,7.3000,7.4800,470714
2021-09-24,7.7400,7.8100,7.6300,7.6600,546356
2021-09-23,8.0000,8.0000,7.7000,7.8700,513436
2021-09-22,7.6700,8.0000,7.5800,7.9500,828335
2021-09-21,7.8900,8.1500,7.6500,7.7000,680343
2021-09-20,8.1800,8.2000,7.7100,7.8400,1018545
2021-09-17,8.4600,8.4600,8.2200,8.3400,547631
2021-09-16,8.4500,8.4900,8.2200,8.3900,488942
2021-09-15,8.6900,8.7000,8.3000,8.5100,912764
2021-09-14,9.2500,9.2500,8.6500,8.7100,1181402
2021-09-13,9.5100,9.5200,8.9300,9.1700,735277
2021-09-10,10.1300,10.3550,9.5600,9.5600,779010
2021-09-09,9.7400,10.1900,9.7200,10.1100,1304271
2021-09-08,10.1200,10.2500,9.6900,9.8000,714877
2021-09-07,10.2000,10.6200,10.1000,10.1700,1199884
2021-09-03,10.0000,10.4300,9.9200,10.0200,688342
2021-09-02,10.0700,10.2200,9.7900,9.8900,830566
2021-09-01,10.2400,10.3000,9.8200,10.1000,1175506
2021-08-31,9.8800,10.2200,9.8200,10.1600,572396
2021-08-30,9.9600,10.0400,9.4300,9.8900,748035
2021-08-27,9.8800,10.1800,9.7000,9.8900,559505
2021-08-26,9.9800,10.2900,9.6300,9.7800,694162
2021-08-25,10.0400,10.0800,9.8100,9.9600,583697
2021-08-24,10.1500,10.5000,9.9000,10.0100,1076109
2021-08-23,9.5300,10.0200,9.4100,9.8500,647499
2021-08-20,9.1400,9.5200,9.0300,9.4100,1268840
2021-08-19,9.7100,10.0400,9.3100,9.4000,972128
2021-08-18,9.9500,10.2400,9.8000,10.0400,977555
2021-08-17,9.7800,10.1500,9.5538,9.8800,1454415
2021-08-16,10.2000,10.6000,9.8400,10.0600,1496000
2021-08-13,10.7600,10.9700,10.3500,10.4100,857221
2021-08-12,10.7400,11.0000,10.5000,10.9100,954867
2021-08-11,10.9800,11.0993,10.5800,10.9700,1206350
2021-08-10,13.4100,13.4100,10.9500,10.9900,5307595
2021-08-09,12.8500,13.6500,12.8500,13.5500,1288643
2021-08-06,13.0300,13.2200,12.6700,12.7000,547995
2021-08-05,12.5700,13.2500,12.4400,12.9100,855942
2021-08-04,12.9700,13.4516,12.6400,12.7200,1032954
2021-08-03,13.3600,13.4000,12.6342,12.9400,467255
2021-08-02,13.1100,13.7600,13.1100,13.3800,502769
2021-07-30,12.8900,13.5200,12.5100,13.0600,816657
2021-07-29,13.6500,13.8700,12.6500,12.9700,546387
2021-07-28,12.9100,13.6400,12.6800,13.4000,1800198
2021-07-27,12.9900,12.9900,11.7200,12.3300,2304258
2021-07-26,13.2500,13.8000,13.0500,13.2200,1447077
2021-07-23,15.0000,15.3050,13.2500,14.0100,3940923
2021-07-22,15.8000,15.8500,15.2700,15.6000,683014
2021-07-21,15.3300,15.9400,15.1500,15.6800,755842
2021-07-20,15.3400,15.4400,14.7201,15.2700,481838
2021-07-19,16.1800,16.2900,14.7100,15.2300,1715002
2021-07-16,16.5000,17.1200,16.3200,16.8400,1113136
2021-07-15,16.1100,16.8000,16.0000,16.2800,801186
2021-07-14,16.4100,16.8900,15.9500,16.0900,1018343
2021-07-13,16.0800,16.5400,15.7000,16.1400,875326
2021-07-12,16.5700,16.7535,15.9800,16.1000,609118
2021-07-09,16.6500,16.8790,16.1000,16.6600,500313
2021-07-08,15.7700,16.4000,15.3900,16.2600,1328070
2021-07-07,16.8000,17.0000,16.0100,16.3400,1033156
2021-07-06,17.7500,17.8400,16.5300,16.5300,1941106
2021-07-02,18.8900,18.9000,17.4700,18.0200,1634296
2021-07-01,19.9200,20.4900,18.2300,18.8500,2529319
2021-06-30,19.4000,20.4900,19.0100,19.9900,1721841
2021-06-29,19.9000,20.4900,19.2100,19.4700,952648
2021-06-28,20.0000,21.0000,19.6700,20.0000,1984586
2021-06-25,18.6000,19.9542,18.3700,19.6100,1369777
2021-06-24,18.5900,18.9500,18.3400,18.5100,543096
2021-06-23,18.2800,18.9900,18.1100,18.3700,804913
2021-06-22,18.0000,18.1879,17.3300,17.9800,750314
2021-06-21,17.8600,19.1900,17.5152,18.4400,1234001
2021-06-18,18.3900,18.7600,17.7700,17.8900,644659
2021-06-17,18.1700,19.0500,18.1700,18.5000,720864
2021-06-16,17.9800,18.4500,17.5611,18.4200,540260
2021-06-15,18.6600,18.8000,17.6600,17.9900,935664
2021-06-14,19.2500,19.4900,18.1200,18.6200,998178
2021-06-11,19.2600,19.4600,18.7200,19.4300,398006
2021-06-10,19.5100,19.9300,18.3400,18.7800,920571
2021-06-09,19.9000,20.4950,19.2227,19.2600,1135185
2021-06-08,19.1100,19.9850,19.1000,19.9400,1310947
2021-06-07,17.7500,18.9300,17.6200,18.9300,1054681
2021-06-04,18.3400,18.4800,17.4000,17.7600,987137
2021-06-03,17.6200,18.7800,17.6200,18.2900,1302946
2021-06-02,18.0900,19.0500,17.1500,18.3300,2488024
2021-06-01,16.0200,18.6200,16.0200,17.8800,3183542
2021-05-28,16.0100,16.3748,15.5100,15.5700,1058993
2021-05-27,15.9600,16.8800,15.7000,15.9400,1346869
2021-05-26,15.0500,16.2800,14.6100,16.0500,2844390
2021-05-25,15.6400,16.1500,14.8500,14.8500,2370845
