timestamp,open,high,low,close,volume
2021-10-14,12.8100,13.6900,12.7150,13.6500,170771
2021-10-13,12.7000,12.8400,12.3000,12.4300,78908
2021-10-12,12.3400,12.8100,12.3150,12.7400,40778
2021-10-11,12.8900,13.0000,12.0700,12.2100,120906
2021-10-08,12.9000,13.1400,12.6000,12.7400,62502
2021-10-07,12.9600,13.1700,12.8000,13.0000,43926
2021-10-06,12.3700,12.7399,12.1100,12.6900,65343
2021-10-05,12.4400,12.7800,12.3600,12.4900,73559
2021-10-04,13.0400,13.0400,12.1800,12.2700,142770
2021-10-01,13.4100,13.4500,13.0500,13.2800,56617
2021-09-30,12.9700,13.5500,12.9700,13.3600,105207
2021-09-29,13.7200,13.7200,12.8884,13.0200,71520
2021-09-28,13.7200,14.0100,13.0101,13.6300,132197
2021-09-27,13.4100,13.9100,13.3100,13.7100,80414
2021-09-24,13.7600,13.8700,13.4000,13.6000,43715
2021-09-23,13.8500,13.9670,13.2722,13.6500,78147
2021-09-22,13.5700,13.8399,13.4300,13.5600,56302
2021-09-21,13.2300,13.6500,12.9500,13.3600,61734
2021-09-20,13.0000,13.3300,12.7942,13.1500,108648
2021-09-17,13.9600,14.2100,13.3000,13.3100,185414
2021-09-16,13.3800,14.2500,13.2786,14.1100,101098
2021-09-15,12.8600,13.7200,12.7400,13.3900,143500
2021-09-14,14.0700,14.3400,12.7500,12.9500,176309
2021-09-13,14.2400,14.2400,13.3900,14.0000,180766
2021-09-10,14.7000,14.7800,14.0800,14.2400,100440
2021-09-09,14.5000,14.8000,14.3600,14.6500,105785
2021-09-08,14.9000,15.0000,14.3250,14.4100,132469
2021-09-07,14.9800,15.2900,14.8500,14.9200,106203
2021-09-03,15.3000,15.4300,15.0000,15.2000,57769
2021-09-02,15.2100,15.4099,14.9000,15.2100,130030
2021-09-01,15.6400,15.7794,15.0900,15.2500,70520
2021-08-31,16.0500,16.0500,15.5900,15.6400,73479
2021-08-30,16.4400,16.4993,15.7500,16.0300,72378
2021-08-27,15.8300,16.3500,15.8198,16.2000,89291
2021-08-26,16.3400,16.6800,15.5100,15.7900,175748
2021-08-25,15.8500,16.6000,15.6100,16.3400,109571
2021-08-24,15.4300,15.8500,15.3400,15.8300,51369
2021-08-23,14.5100,15.4000,14.5001,15.3100,139339
2021-08-20,14.5600,14.9900,14.2800,14.4000,91735
2021-08-19,15.1000,15.4000,14.5000,14.5000,152009
2021-08-18,14.9300,15.5600,14.9100,15.4200,111963
2021-08-17,15.4300,15.4300,14.6050,14.9500,96331
2021-08-16,15.5000,15.8400,14.5700,15.5300,255339
2021-08-13,16.5000,16.6100,15.5700,15.8500,129938
2021-08-12,16.1700,16.6700,16.1700,16.2800,107171
2021-08-11,17.0000,17.0000,16.0500,16.3300,110734
2021-08-10,17.1400,17.1400,16.5500,16.7500,57534
2021-08-09,16.8900,17.2550,16.3900,16.9500,100032
2021-08-06,16.9200,17.1600,16.3600,16.8600,116756
2021-08-05,16.0800,16.9700,16.0724,16.9500,95143
2021-08-04,16.2900,16.6000,16.1900,16.1900,73511
2021-08-03,16.4000,16.5000,15.8700,16.3400,100097
2021-08-02,15.3900,17.1800,15.3900,16.2000,127993
2021-07-30,16.8000,17.2450,15.0500,15.3600,341205
2021-07-29,17.5800,17.6500,16.9000,17.0700,116917
2021-07-28,17.2700,17.7200,17.1100,17.4600,70208
2021-07-27,17.6100,17.9100,16.4300,17.2900,179294
2021-07-26,17.6900,18.3400,17.3400,17.5700,156625
2021-07-23,18.1600,18.1950,17.5000,17.7600,84948
2021-07-22,17.6800,18.0900,17.1382,18.0400,124582
2021-07-21,16.9600,17.8800,16.8000,17.7900,89504
2021-07-20,16.2500,17.5321,16.2400,17.0300,177996
2021-07-19,15.9500,16.8400,15.3100,16.2500,542459
2021-07-16,17.2300,17.6000,16.3000,16.4300,162980
2021-07-15,17.8500,17.8800,16.6700,17.1900,177048
2021-07-14,18.3200,19.3800,17.5700,17.8400,633268
2021-07-13,18.6500,19.9000,18.0600,18.3800,470658
2021-07-12,18.0700,18.6300,17.4300,18.4300,355543
2021-07-09,18.3000,18.5000,17.4400,17.6000,201172
2021-07-08,17.0000,18.8500,16.1100,18.4400,471995
2021-07-07,18.0700,18.5000,17.2000,18.0100,183353
2021-07-06,17.5900,18.1599,17.0700,18.0200,210830
2021-07-02,18.0300,18.2300,17.2363,17.4500,234558
2021-07-01,18.7500,19.7000,17.4100,18.0700,435122
2021-06-30,18.3200,18.4900,17.7100,18.4100,141313
2021-06-29,18.3200,18.7000,17.9200,18.4500,174661
2021-06-28,18.6200,18.6200,17.2500,18.2700,245487
2021-06-25,18.2300,18.8800,17.7950,18.1000,377433
2021-06-24,18.2600,18.5000,17.6600,18.1000,171293
2021-06-23,16.8300,18.3100,16.8000,18.0200,288526
2021-06-22,16.7200,17.0000,16.3650,16.8000,215270
2021-06-21,17.2000,17.5200,16.0000,16.6800,413490
2021-06-18,19.2200,19.2480,17.0600,17.1900,792699
2021-06-17,18.8300,19.8700,18.5000,19.4200,421780
2021-06-16,17.5100,18.8100,17.5100,18.6900,432960
2021-06-15,17.7400,18.2000,16.4300,17.5100,478506
2021-06-14,15.5200,18.5100,15.5200,18.0700,1026368
2021-06-11,16.3000,16.5000,14.4000,15.2300,561970
2021-06-10,15.0700,15.4599,14.2500,15.3500,471449
2021-06-09,15.4000,15.5500,14.8400,15.0400,230620
2021-06-08,15.2000,15.3400,14.5100,15.0800,244249
2021-06-07,14.5000,15.1500,14.3400,14.8200,318369
2021-06-04,14.0600,14.4800,13.8000,14.4400,180769
2021-06-03,14.1300,14.4000,13.5000,14.1300,228677
2021-06-02,13.7800,14.3799,13.0100,14.1000,810330
2021-06-01,12.7700,12.9500,12.1500,12.8900,220277
2021-05-28,12.7600,12.7700,12.2100,12.4000,159470
2021-05-27,12.2000,12.8500,12.0523,12.2000,225088
2021-05-26,11.5300,12.2700,11.5000,12.1600,201808
2021-05-25,11.2000,11.6900,10.9600,11.4200,212941
