timestamp,open,high,low,close,volume
2021-10-14,46.1000,46.7600,45.6300,46.1900,564620
2021-10-13,45.1200,45.9800,45.0000,45.5700,469440
2021-10-12,44.2100,45.1800,43.9000,44.8400,533888
2021-10-11,44.0000,44.6800,43.5300,43.7900,457780
2021-10-08,44.8300,45.2600,43.9900,44.1600,427549
2021-10-07,44.0200,45.5300,44.0200,44.7600,815353
2021-10-06,43.5100,44.6800,43.5000,43.6700,547683
2021-10-05,42.9500,44.6100,42.8300,43.9100,1068480
2021-10-04,43.3200,43.3600,41.5100,42.5000,1347830
2021-10-01,43.1200,43.7400,42.5300,43.3900,776564
2021-09-30,43.1300,43.9200,42.8500,42.8800,631942
2021-09-29,44.1100,44.1500,42.8900,42.9800,917445
2021-09-28,45.2700,45.4600,43.7450,43.8600,827477
2021-09-27,45.3200,45.7900,44.1700,45.7300,665921
2021-09-24,46.1900,46.3550,45.3600,45.8300,551504
2021-09-23,46.2900,46.6300,45.6400,46.1900,403429
2021-09-22,45.3300,46.1700,45.0000,45.9400,789600
2021-09-21,45.6700,46.1300,45.2700,45.4000,426208
2021-09-20,45.7800,46.0984,44.4400,45.3300,894212
2021-09-17,47.5000,47.7390,46.7700,46.9300,2362796
2021-09-16,46.9400,47.2620,46.3300,47.2000,578520
2021-09-15,47.1100,47.5000,46.3650,47.0900,729853
2021-09-14,47.6500,48.3200,46.8300,47.2500,522719
2021-09-13,45.7500,48.1150,45.5600,47.5700,907564
2021-09-10,46.5500,46.8400,45.2600,45.5400,657295
2021-09-09,46.5600,47.4100,46.2500,46.3000,1126686
2021-09-08,46.8700,47.3200,46.1800,46.7500,637406
2021-09-07,48.0600,48.1384,47.0400,47.1200,466133
2021-09-03,47.9500,48.2400,47.5200,48.0100,553869
2021-09-02,48.4600,48.9100,47.9100,48.1100,892750
2021-09-01,47.1000,48.8400,46.5900,48.3200,1196120
2021-08-31,47.2500,47.4500,46.3700,46.8600,970850
2021-08-30,48.8800,48.8800,46.6800,47.6000,2624645
2021-08-27,46.7700,49.0200,46.5800,48.6500,3518816
2021-08-26,46.4700,47.3250,46.2100,46.5600,473966
2021-08-25,45.6300,46.8900,45.5000,46.4500,454136
2021-08-24,44.7500,46.0500,44.6700,45.6300,628112
2021-08-23,43.2100,44.3900,42.9000,44.2800,462887
2021-08-20,42.4300,43.4800,42.4250,43.0900,609305
2021-08-19,43.1300,43.7900,42.3000,42.4600,680621
2021-08-18,43.4800,44.4700,43.3500,43.5900,663534
2021-08-17,43.0200,43.5800,42.4000,43.5700,746061
2021-08-16,44.0150,44.3700,43.1400,43.5500,885586
2021-08-13,45.5000,45.6700,44.1400,44.1900,1662387
2021-08-12,44.9900,45.7299,44.7800,45.5400,1209898
2021-08-11,45.1700,45.4200,44.3000,45.3000,1315809
2021-08-10,47.2000,47.9300,45.0500,45.1100,3000686
2021-08-09,49.6000,50.5200,49.2500,49.5000,646365
2021-08-06,50.9200,50.9300,48.9300,49.4900,763637
2021-08-05,50.3700,51.2100,50.0200,50.7400,356547
2021-08-04,50.0000,51.0100,49.7600,50.4500,606737
2021-08-03,50.5000,50.7300,49.8300,50.2600,477312
2021-08-02,50.3200,51.1100,49.7300,50.6400,545041
2021-07-30,49.9400,50.4200,49.7700,49.9900,449306
2021-07-29,50.2500,50.7500,49.7800,50.2300,279889
2021-07-28,49.2300,50.5800,49.0000,50.2400,472354
2021-07-27,50.5200,50.7300,47.9100,48.9400,417262
2021-07-26,50.3600,50.5100,49.5500,50.5000,481187
2021-07-23,49.9600,50.3000,49.4900,50.2500,724536
2021-07-22,49.9100,50.9900,49.7450,49.9500,689134
2021-07-21,48.6600,49.5600,48.4700,49.5100,551950
2021-07-20,47.6700,49.4300,47.0100,48.7900,785653
2021-07-19,46.8100,47.6700,46.0900,47.6000,710522
2021-07-16,47.2800,48.0800,47.1000,47.3800,623564
2021-07-15,46.9600,47.5400,46.1300,46.6900,849726
2021-07-14,50.7100,50.7100,47.6050,47.7200,621405
2021-07-13,50.5000,50.7800,49.9300,50.0400,435451
2021-07-12,51.2100,51.6905,50.1000,50.7200,493284
2021-07-09,50.4700,50.8100,49.5450,50.6500,698271
2021-07-08,49.6300,50.5900,48.8200,50.1700,547738
2021-07-07,51.6300,52.0400,50.6900,50.8800,799560
2021-07-06,50.6600,51.8950,50.3250,51.4300,1302628
2021-07-02,51.7600,52.2000,50.1700,50.2200,695766
2021-07-01,51.0800,52.2500,50.8600,51.3800,756467
2021-06-30,52.7400,52.7550,50.8500,51.0700,1149610
2021-06-29,53.7900,54.0600,52.5700,52.9600,512183
2021-06-28,52.5400,53.6900,52.3200,53.6600,721230
2021-06-25,53.2600,53.4200,52.1200,52.2700,1153318
2021-06-24,52.9900,53.7000,52.6100,53.2200,1310668
2021-06-23,51.3800,52.6000,51.1901,52.4500,811867
2021-06-22,50.0000,51.1300,49.7300,51.1000,739044
2021-06-21,49.7600,50.3800,48.3100,49.9900,1227396
2021-06-18,49.7400,50.9100,48.8700,50.1800,3268152
2021-06-17,46.9700,49.7100,46.8600,49.6200,1228288
2021-06-16,46.3700,47.7500,46.2900,47.3300,789451
2021-06-15,47.0300,47.5000,46.1500,46.6400,1038884
2021-06-14,46.9500,48.0700,46.8000,47.4900,759819
2021-06-11,46.9500,46.9500,46.0600,46.7600,463145
2021-06-10,45.4800,46.7500,45.2800,46.5300,404864
2021-06-09,46.5200,47.0000,45.2800,45.5800,526435
2021-06-08,44.7200,46.4800,44.3277,46.1400,946418
2021-06-07,42.5400,44.4000,42.1700,44.2000,769579
2021-06-04,43.2400,43.6900,42.6000,42.7300,1061851
2021-06-03,43.8800,44.1000,42.8600,42.9300,758549
2021-06-02,44.5200,44.7700,43.6400,44.0300,1728453
2021-06-01,45.9700,46.1000,44.2000,44.8400,1572331
2021-05-28,47.6600,48.2500,46.4700,46.5300,754257
2021-05-27,46.6900,47.9000,45.5500,47.6000,832085
2021-05-26,46.1900,47.2050,46.0500,46.9300,656673
2021-05-25,45.7400,46.0600,45.3200,45.7600,590963
