timestamp,open,high,low,close,volume
2021-10-14,26.4500,26.6200,26.1700,26.5000,73791
2021-10-13,26.0700,26.4900,26.0200,26.0700,61740
2021-10-12,25.7700,26.1800,25.6700,25.9400,68665
2021-10-11,25.9900,26.5000,25.7000,25.7200,64970
2021-10-08,26.6100,26.8000,26.0800,26.1600,59298
2021-10-07,26.0100,26.9600,26.0000,26.6600,83892
2021-10-06,25.3300,25.9200,25.3300,25.8300,85621
2021-10-05,25.5300,25.8100,25.3000,25.7000,89384
2021-10-04,25.6900,25.7600,24.9200,25.3000,125456
2021-10-01,25.5000,26.2000,25.1600,25.6800,167018
2021-09-30,26.0700,26.2000,25.1900,25.2300,109321
2021-09-29,26.3000,26.4000,25.7000,25.8000,106594
2021-09-28,26.4900,26.4900,25.9000,26.0300,121480
2021-09-27,26.2500,27.1200,25.9100,26.8500,148095
2021-09-24,26.2300,26.5800,26.0500,26.2700,60043
2021-09-23,26.7400,26.7900,26.4600,26.5500,73223
2021-09-22,26.2900,26.9200,26.0100,26.6000,129539
2021-09-21,26.3200,26.8400,25.9200,26.1700,198996
2021-09-20,28.2600,28.5550,26.2300,26.2400,315823
2021-09-17,27.5000,29.4189,27.4100,28.2600,697623
2021-09-16,27.1800,27.3800,26.9000,26.9700,176789
2021-09-15,26.5900,27.1300,26.5900,27.1000,142539
2021-09-14,26.9900,27.1000,26.5150,26.7800,141137
2021-09-13,26.8800,27.3300,26.3700,26.9300,156822
2021-09-10,25.8400,27.0000,25.6870,26.8200,249680
2021-09-09,25.5700,26.0000,25.5700,25.6300,96801
2021-09-08,25.6300,26.1000,25.0700,25.8200,182545
2021-09-07,27.0500,27.1200,25.8100,25.8200,144230
2021-09-03,26.4400,27.1300,26.4400,27.1200,169592
2021-09-02,26.2000,26.8700,26.1503,26.5400,115681
2021-09-01,25.6300,26.2250,25.4200,26.0400,180577
2021-08-31,25.6100,25.9400,25.2800,25.6200,152583
2021-08-30,25.7000,25.8400,25.4200,25.6200,163493
2021-08-27,24.8400,25.9000,24.8400,25.6100,212054
2021-08-26,24.3500,25.1171,24.3500,24.9200,115784
2021-08-25,24.4000,24.8600,24.3900,24.5000,167825
2021-08-24,24.2950,24.5200,24.1200,24.3400,167038
2021-08-23,23.3500,24.1800,23.3500,24.1400,136974
2021-08-20,22.8300,23.5850,22.8300,23.3500,167612
2021-08-19,22.6500,23.2200,22.6500,22.9000,137370
2021-08-18,22.8600,23.4800,22.8600,22.9600,277389
2021-08-17,22.9600,23.4300,22.7500,22.9400,204034
2021-08-16,23.0800,23.5500,22.8000,23.2400,176844
2021-08-13,23.5000,23.7500,23.2600,23.3800,144731
2021-08-12,23.8900,24.0200,23.5500,23.6600,132449
2021-08-11,23.7200,23.9400,23.4600,23.8700,157171
2021-08-10,23.5000,24.2400,23.3300,23.8900,328875
2021-08-09,24.1400,24.1400,23.1400,23.5400,231216
2021-08-06,24.7700,24.8500,23.7300,24.4400,148027
2021-08-05,23.0300,24.6600,22.7100,24.4500,280486
2021-08-04,23.1000,23.5500,22.6300,22.6900,145849
2021-08-03,23.1700,23.3850,22.7700,23.2900,104747
2021-08-02,23.5400,23.6250,23.1300,23.1700,93464
2021-07-30,22.9700,23.7100,22.9700,23.2900,95097
2021-07-29,23.3200,23.5000,23.2100,23.4800,99938
2021-07-28,22.9100,23.3800,22.7300,23.1000,115357
2021-07-27,22.9200,23.1000,22.4700,22.9900,178283
2021-07-26,23.1100,23.5000,23.0400,23.1900,75967
2021-07-23,22.7500,22.9900,22.2178,22.9400,125997
2021-07-22,22.8600,22.9634,22.3700,22.6300,119954
2021-07-21,23.0700,23.4700,22.5500,22.9800,103377
2021-07-20,22.7100,23.5000,22.3700,22.9800,311511
2021-07-19,22.2000,23.1000,21.8100,22.7000,192826
2021-07-16,23.2500,23.2500,22.5000,22.7700,146716
2021-07-15,23.1800,23.2650,22.5500,23.0000,98538
2021-07-14,24.2200,24.4300,23.2800,23.3000,100353
2021-07-13,24.1500,24.4400,23.8800,24.0000,102766
2021-07-12,24.5000,24.5000,23.9900,24.2000,84284
2021-07-09,24.1400,24.7100,24.0000,24.5000,96281
2021-07-08,23.6000,24.0500,23.2000,24.0100,140574
2021-07-07,25.4300,25.8600,23.5100,24.0300,178144
2021-07-06,25.9000,26.2500,25.0800,25.2300,164795
2021-07-02,25.2200,25.7100,25.1000,25.6400,203454
2021-07-01,24.6300,25.2000,24.6300,25.0300,150424
2021-06-30,24.7500,24.8900,24.3800,24.5100,119888
2021-06-29,24.5100,24.8900,24.2200,24.8500,108557
2021-06-28,24.4400,24.9400,24.1100,24.3600,90685
2021-06-25,24.4800,24.9250,24.1575,24.6000,539030
2021-06-24,24.2700,24.7600,24.2500,24.4000,148261
2021-06-23,23.7400,24.3600,23.7400,24.1400,105714
2021-06-22,23.1700,23.8000,22.9100,23.7900,116204
2021-06-21,23.4500,23.7000,23.0243,23.4400,149411
2021-06-18,23.5100,23.8100,23.0400,23.2900,167798
2021-06-17,23.4500,23.9900,23.3900,23.7300,112818
2021-06-16,23.4500,23.7600,23.1500,23.5500,165348
2021-06-15,24.4500,24.4900,23.5400,23.6400,146235
2021-06-14,24.4900,24.7600,24.3300,24.4500,118170
2021-06-11,24.4500,24.7800,24.2700,24.4700,82439
2021-06-10,24.6200,24.8800,24.2600,24.3600,113254
2021-06-09,25.7400,25.8300,24.7600,24.7800,153586
2021-06-08,25.1200,26.2000,25.1200,25.7600,234373
2021-06-07,24.2800,25.1000,24.2171,24.9700,194443
2021-06-04,24.0700,24.5500,24.0297,24.3700,95809
2021-06-03,23.8100,24.2199,23.6000,23.9400,127525
2021-06-02,24.3800,24.5900,23.9450,24.2400,136988
2021-06-01,23.7900,24.5600,23.7624,24.3600,154833
2021-05-28,24.2200,24.2200,23.5100,23.7300,140279
2021-05-27,24.6800,24.6800,23.9500,24.1000,195032
2021-05-26,24.2500,24.6900,24.2400,24.4000,170434
2021-05-25,24.4000,24.6875,24.0700,24.0800,151938
