timestamp,open,high,low,close,volume
2021-10-14,63.0100,63.7800,62.7531,63.1700,6765592
2021-10-13,61.9600,62.7400,61.5100,62.2000,9431811
2021-10-12,61.6800,62.7950,60.7900,61.4500,9952091
2021-10-11,62.9900,63.5100,62.0700,62.1000,9020360
2021-10-08,64.2500,64.3400,63.3100,63.6800,8098840
2021-10-07,62.1950,64.3600,62.1500,63.9700,15010447
2021-10-06,58.9500,61.7100,58.7900,61.2900,10648063
2021-10-05,59.2100,60.6700,58.8200,59.8600,12006524
2021-10-04,61.0400,61.1600,57.6400,58.3900,17381334
2021-10-01,60.8050,62.1400,60.5600,61.9800,9728406
2021-09-30,60.3750,61.2300,59.8600,60.3900,9372556
2021-09-29,62.9400,63.3600,60.0100,60.0700,9256079
2021-09-28,64.3600,64.5400,62.1600,62.4500,9866597
2021-09-27,66.6100,67.0900,65.2200,65.3700,11264861
2021-09-24,66.0900,67.4500,65.4600,67.2200,11035729
2021-09-23,64.7900,66.9300,64.0400,66.6900,15123546
2021-09-22,62.0500,64.6300,61.2600,64.2500,13052283
2021-09-21,61.5100,63.3000,61.5100,62.7800,10400269
2021-09-20,61.1500,61.3200,59.8400,60.9500,12194274
2021-09-17,62.1000,62.9800,61.6500,62.4700,9813245
2021-09-16,61.5300,62.6100,60.9300,62.2900,9918661
2021-09-15,60.1000,61.9100,59.6400,61.8400,13074529
2021-09-14,60.0650,60.7000,59.4900,60.1900,8240068
2021-09-13,61.3000,61.4100,58.4495,59.6600,16851569
2021-09-10,62.9500,63.3700,61.4700,61.5600,7032095
2021-09-09,62.3600,63.1800,62.2400,62.4600,8168889
2021-09-08,64.9350,65.3615,62.0800,62.2700,11767221
2021-09-07,64.7100,65.1300,64.1501,64.9800,7149388
2021-09-03,64.4300,65.0900,63.8500,64.6600,5061371
2021-09-02,65.9700,66.0500,64.4142,64.6000,8591562
2021-09-01,64.6500,66.7200,64.6500,65.5500,15284349
2021-08-31,64.5200,65.1500,64.1600,64.5000,9157875
2021-08-30,63.6950,65.0500,63.4500,64.7000,8071895
2021-08-27,62.7200,63.7200,62.4900,63.4300,6332555
2021-08-26,63.9600,64.2500,62.5300,62.6100,6379518
2021-08-25,63.9500,64.3100,63.2000,64.1700,5470229
2021-08-24,64.8400,65.0600,63.9200,63.9800,6133879
2021-08-23,63.2000,64.5550,63.0600,64.1300,9962350
2021-08-20,62.1300,63.1700,61.9900,62.5200,8596261
2021-08-19,61.5900,63.1900,61.5000,62.0500,8508145
2021-08-18,62.8500,63.3100,62.0700,62.1200,6890963
2021-08-17,63.3400,63.8400,62.3550,62.8800,6950259
2021-08-16,64.3400,64.9400,62.8050,63.7800,11993858
2021-08-13,64.9900,65.7700,64.6150,64.8200,5975222
2021-08-12,64.8100,65.2799,64.0600,64.9500,7961057
2021-08-11,65.7900,66.3350,64.6300,65.4600,8630505
2021-08-10,67.2000,67.3700,65.5700,65.6800,8995701
2021-08-09,67.5000,67.5200,66.4500,67.0100,7938295
2021-08-06,69.3000,69.8100,66.8750,67.3700,11458073
2021-08-05,68.8500,69.4500,68.0800,69.2800,8634574
2021-08-04,68.6800,69.0800,67.9050,68.7000,7578368
2021-08-03,69.8700,70.9600,68.0800,68.6300,9221355
2021-08-02,70.2300,70.4400,68.6600,69.1300,12040813
2021-07-30,69.8300,71.1298,69.5000,69.7500,13220524
2021-07-29,69.5000,71.5900,69.5000,70.3700,11503163
2021-07-28,68.3900,71.9200,67.7600,69.9600,23203601
2021-07-27,68.3200,69.4800,66.8600,68.3300,16988334
2021-07-26,71.2500,71.2500,67.4750,68.6900,29185119
2021-07-23,72.2000,73.3400,69.8800,71.6900,44275797
2021-07-22,68.6400,70.1300,68.5103,69.5700,24130380
2021-07-21,67.5900,69.7700,67.5500,69.5400,10082850
2021-07-20,66.2500,68.5400,65.8200,67.9400,11583922
2021-07-19,65.2400,66.7300,64.6500,66.0200,15830105
2021-07-16,68.5600,69.2800,66.1400,66.4100,14271096
2021-07-15,70.1000,70.1600,67.4101,68.0700,14933775
2021-07-14,70.4200,72.0700,70.0900,70.2700,21555863
2021-07-13,69.5400,70.8699,69.2600,69.6000,9992695
2021-07-12,69.4600,70.4370,68.8000,69.8600,9223642
2021-07-09,67.0700,69.0100,66.9800,68.9700,14393749
2021-07-08,67.0000,67.6050,66.2400,66.8300,12782464
2021-07-07,70.6300,70.8500,68.7100,68.7600,10609322
2021-07-06,69.3500,70.9300,69.2300,70.2100,12317415
2021-07-02,68.7100,69.2900,68.4300,69.2000,8098529
2021-07-01,68.5700,70.0000,67.3700,68.1100,9988136
2021-06-30,68.7600,69.1199,68.2500,68.8100,9752947
2021-06-29,68.2800,69.3800,67.9300,69.0000,9526441
2021-06-28,68.1600,68.6284,67.0750,68.2900,11176106
2021-06-25,68.2900,68.9200,67.2800,67.9300,13896866
2021-06-24,66.7500,68.7400,66.7500,68.2500,23144774
2021-06-23,63.9100,66.7700,63.7900,66.4900,18547983
2021-06-22,61.9200,64.0500,61.9100,63.7800,16686235
2021-06-21,60.8500,62.0900,59.7400,61.9600,12027146
2021-06-18,60.2000,60.9700,59.5250,60.8500,13272992
2021-06-17,59.6100,61.6221,59.5300,60.7100,10201253
2021-06-16,60.1200,61.1500,59.1500,59.9300,9279963
2021-06-15,61.0900,61.3183,60.1900,60.2300,9579902
2021-06-14,60.8500,61.5500,60.4500,60.8300,9316553
2021-06-11,59.9500,60.6297,59.8700,60.5000,6980424
2021-06-10,59.8000,60.3800,58.7400,60.3000,8717489
2021-06-09,59.5900,61.0500,59.4100,59.7100,16163559
2021-06-08,59.7900,60.0895,57.8200,58.8100,12772928
2021-06-07,58.6200,59.8250,57.7200,59.6300,10538555
2021-06-04,57.4100,59.3000,57.3200,59.0000,12256132
2021-06-03,56.9600,58.6700,55.8300,57.0100,21985673
2021-06-02,57.2800,57.6400,56.3200,57.1600,9472925
2021-06-01,58.2000,58.2000,56.2700,57.4400,13122739
2021-05-28,58.2000,58.5600,57.8300,58.0000,8752685
2021-05-27,57.6400,58.2950,57.0310,58.0800,9113856
2021-05-26,57.3650,58.6142,57.3100,57.8500,15984388
2021-05-25,57.3500,57.6400,56.5400,57.0000,13488918
