timestamp,open,high,low,close,volume
2021-10-14,139.7700,140.6900,137.9750,139.5800,249413
2021-10-13,138.7800,140.3800,136.7100,137.4800,133125
2021-10-12,135.4200,138.0600,133.5400,136.9600,149932
2021-10-11,134.9400,136.4600,133.0100,134.4200,226750
2021-10-08,139.2300,139.3983,134.9500,135.9400,205253
2021-10-07,138.8100,141.5900,137.9900,138.7600,295432
2021-10-06,136.9000,139.2200,135.9700,137.2300,269142
2021-10-05,137.9600,141.4000,136.9100,138.9500,275563
2021-10-04,141.2600,141.2600,133.9200,136.8500,258066
2021-10-01,141.9100,142.8900,137.5700,142.3500,245993
2021-09-30,138.6400,141.2500,138.5550,140.9600,451620
2021-09-29,140.2400,141.2650,138.1600,138.5600,628532
2021-09-28,143.9700,144.1200,138.3733,138.6300,333618
2021-09-27,149.3100,149.3300,145.3400,146.7200,244167
2021-09-24,151.3900,152.3500,148.6600,151.0100,168487
2021-09-23,148.9500,152.7500,147.8200,152.2600,223975
2021-09-22,149.3500,149.4800,146.3600,148.6200,373142
2021-09-21,147.4300,148.9999,146.6750,148.1600,269936
2021-09-20,150.4300,151.9100,142.8182,146.3500,428523
2021-09-17,151.2800,156.4800,150.1100,154.1200,1341395
2021-09-16,150.9400,151.8850,149.6850,150.0000,348138
2021-09-15,150.5200,151.6900,148.5400,150.6900,447292
2021-09-14,148.7500,151.4000,147.5500,150.5200,322945
2021-09-13,144.5000,147.7300,143.4750,147.3800,516019
2021-09-10,145.5000,146.5000,142.6700,143.1200,255692
2021-09-09,146.8200,147.9800,144.1200,144.1300,240254
2021-09-08,147.9100,150.0000,146.4900,146.6700,562573
2021-09-07,149.3400,149.5200,147.0100,148.7100,625673
2021-09-03,145.5500,149.3200,144.9100,149.0000,424772
2021-09-02,143.4700,146.1400,142.1000,145.3700,237990
2021-09-01,140.4900,144.5700,140.4900,142.8500,371040
2021-08-31,144.5400,144.5400,139.0000,140.2700,451720
2021-08-30,142.9000,144.3900,141.3100,143.9300,365158
2021-08-27,137.9400,142.6200,137.9400,142.1100,339216
2021-08-26,140.7900,141.5099,137.5400,137.9300,240153
2021-08-25,140.6000,142.0000,137.9100,140.0100,467228
2021-08-24,136.3400,141.0100,135.4200,140.6400,1596110
2021-08-23,137.3500,138.1500,136.5000,137.0000,193014
2021-08-20,134.8800,137.5700,134.3300,136.0500,300797
2021-08-19,132.3600,136.1500,131.9950,134.8800,519876
2021-08-18,135.4200,136.2900,133.6100,134.3500,316135
2021-08-17,132.6000,135.3000,130.6900,134.9700,575746
2021-08-16,131.3200,134.7099,128.4200,134.5500,503636
2021-08-13,132.2000,132.7400,130.3000,132.4400,175923
2021-08-12,131.8100,135.4600,131.8100,132.4600,211045
2021-08-11,133.9700,133.9700,130.0800,133.1500,478316
2021-08-10,132.1300,134.6400,131.6018,132.9900,472742
2021-08-09,134.0000,135.5600,130.0100,132.6100,525196
2021-08-06,135.6400,136.0000,132.0000,133.1400,589282
2021-08-05,138.4600,139.6200,132.9900,135.7500,632146
2021-08-04,137.7000,140.5400,133.8100,138.7000,848225
2021-08-03,128.9600,130.3100,126.8400,128.6600,229591
2021-08-02,131.8600,131.8600,128.3500,129.0700,233347
2021-07-30,131.0800,132.0500,128.6100,129.7700,282594
2021-07-29,129.8100,132.3900,128.8150,131.4100,155281
2021-07-28,127.7600,130.0250,126.9000,129.3000,262303
2021-07-27,130.7900,131.8100,124.3200,127.1700,359268
2021-07-26,130.9000,132.1700,128.9400,131.8200,270615
2021-07-23,128.3000,130.9600,127.5500,129.8700,333988
2021-07-22,127.4900,129.3800,127.3000,127.6900,321440
2021-07-21,126.0000,129.4422,124.9100,127.9400,360317
2021-07-20,122.5500,127.3500,121.5400,126.0000,406977
2021-07-19,116.6900,121.6500,116.0500,121.2900,290565
2021-07-16,118.6300,121.2900,118.0900,119.5600,247580
2021-07-15,117.9500,118.4200,115.7200,117.3700,146613
2021-07-14,125.0000,125.0000,118.2450,118.3200,198119
2021-07-13,123.2200,124.8900,122.6400,124.0200,285091
2021-07-12,124.6000,124.6000,120.8700,123.7900,252756
2021-07-09,121.2200,123.6050,119.7200,123.4300,166848
2021-07-08,119.5800,122.0200,117.1500,120.8800,222643
2021-07-07,121.2700,123.1600,119.0600,122.9400,385843
2021-07-06,116.0000,120.6300,116.0000,120.1400,306546
2021-07-02,114.2000,115.7250,113.8600,115.6600,208888
2021-07-01,111.7800,113.1400,110.2300,113.0400,185614
2021-06-30,112.6300,112.7200,110.9100,111.3300,280345
2021-06-29,113.8600,114.7500,112.7600,113.0000,317748
2021-06-28,114.2100,115.2100,112.8300,114.2600,269008
2021-06-25,114.2200,114.8800,112.1200,113.4200,349008
2021-06-24,113.8300,115.6200,113.0500,114.1900,225185
2021-06-23,112.7200,113.5600,110.6700,112.9300,200852
2021-06-22,110.6000,112.6300,109.8100,112.4900,263546
2021-06-21,108.1200,111.2000,106.2400,110.6700,367218
2021-06-18,106.8000,108.1400,105.5500,107.5200,465476
2021-06-17,104.4000,107.2450,104.3928,107.1300,360765
2021-06-16,102.7900,106.0500,102.7900,105.6000,422558
2021-06-15,103.4700,104.1700,100.9600,102.4600,199938
2021-06-14,101.0000,103.7700,100.9550,103.6200,261918
2021-06-11,98.8300,100.7600,98.4800,100.7100,178257
2021-06-10,96.6900,98.8200,96.3900,98.6600,145603
2021-06-09,99.0000,100.7800,96.7800,97.4300,197108
2021-06-08,96.7400,99.0000,96.3500,98.6600,294727
2021-06-07,91.8500,95.9800,91.8500,95.9100,211529
2021-06-04,91.2400,93.1200,90.6600,91.8500,250137
2021-06-03,93.9400,94.4700,90.5900,90.6500,186979
2021-06-02,95.2400,96.0400,93.4700,94.7900,365848
2021-06-01,95.0900,96.9995,93.7200,95.4400,261822
2021-05-28,95.6900,98.0100,94.7600,94.9000,211711
2021-05-27,95.5900,95.9400,93.4900,95.4400,161087
2021-05-26,94.0300,96.0100,93.4300,95.9500,161422
2021-05-25,95.5400,96.4500,92.6000,93.0300,188929
