timestamp,open,high,low,close,volume
2021-10-14,299.4700,308.6500,296.7000,300.6400,1252254
2021-10-13,281.2500,295.6717,281.2500,294.7100,1584122
2021-10-12,275.3500,283.8600,272.3600,280.0900,1001423
2021-10-11,271.6000,281.6250,266.2101,270.6000,857498
2021-10-08,279.5600,282.9800,270.4300,274.3300,899327
2021-10-07,274.5400,282.8450,274.4200,277.9900,1098153
2021-10-06,263.2100,277.8400,262.2900,273.5200,1650355
2021-10-05,263.3500,268.9400,261.6600,267.3900,1445624
2021-10-04,272.7800,273.0400,254.1500,261.3000,1473620
2021-10-01,269.0200,279.5200,262.8400,277.1300,1460642
2021-09-30,261.8200,271.4550,259.8400,266.9500,1278084
2021-09-29,264.7100,266.8800,256.7800,259.6100,1535119
2021-09-28,265.1100,265.3200,251.6900,258.7700,2100277
2021-09-27,267.1300,271.9800,260.5000,270.8700,1852173
2021-09-24,275.8300,275.8300,267.3300,273.1300,1567829
2021-09-23,274.9600,279.2900,266.5350,276.9000,2971992
2021-09-22,276.3500,279.5000,267.2550,274.3200,6471309
2021-09-21,269.8000,275.8000,262.3700,274.1400,3703678
2021-09-20,287.9400,288.4501,278.1770,283.7500,1564734
2021-09-17,296.7900,297.7400,289.6100,294.2000,1982775
2021-09-16,287.8200,297.2900,286.5800,296.5600,1134816
2021-09-15,285.9900,291.7900,280.3700,289.2500,1306822
2021-09-14,283.3600,291.1900,283.3600,286.6300,1017599
2021-09-13,281.9900,285.2600,272.9700,280.7100,1406912
2021-09-10,285.9500,289.7700,280.4500,281.0400,1469840
2021-09-09,295.0000,299.3100,292.0550,293.0500,759245
2021-09-08,292.5300,301.9900,288.6400,297.5300,1375851
2021-09-07,297.5000,299.6800,289.1340,294.4000,1770611
2021-09-03,289.1500,299.1500,287.0400,297.1400,1734926
2021-09-02,278.4900,292.6100,277.2000,287.4600,1484253
2021-09-01,273.1500,282.4899,273.0140,277.1300,1256101
2021-08-31,278.2500,281.5800,272.0000,274.3900,2332119
2021-08-30,290.0000,291.1700,270.0000,282.0800,2502700
2021-08-27,249.0300,288.8799,237.0000,283.9800,10696852
2021-08-26,219.8700,222.7900,217.6001,219.0500,1041218
2021-08-25,220.2100,221.9800,215.9000,219.4100,645052
2021-08-24,218.8000,221.1899,215.1500,217.1700,1168527
2021-08-23,210.1500,219.0000,209.0000,217.3500,1006615
2021-08-20,204.9300,210.8500,204.5300,209.3500,833283
2021-08-19,207.0300,211.6799,204.3200,205.9100,893825
2021-08-18,197.7700,208.8900,196.2600,204.9200,1241541
2021-08-17,198.4400,199.7400,191.3200,196.9000,1032843
2021-08-16,206.0600,206.3853,194.5200,200.5900,1223228
2021-08-13,204.0000,208.7200,202.7700,207.8500,817311
2021-08-12,196.6800,205.2300,194.7400,204.3300,727395
2021-08-11,199.6600,200.4500,192.8200,198.6400,915046
2021-08-10,203.1000,204.8800,196.8600,199.7300,864720
2021-08-09,203.8200,204.8100,201.4900,202.4500,1006120
2021-08-06,207.3500,209.7700,200.0600,202.9200,848493
2021-08-05,206.2500,211.2000,205.7600,208.9200,610047
2021-08-04,208.0100,208.9999,203.6150,205.9500,773294
2021-08-03,206.0200,208.2959,203.7445,207.4500,451270
2021-08-02,207.1800,209.6500,201.9800,207.0500,362689
2021-07-30,203.7800,208.1799,203.2540,206.8200,607474
2021-07-29,206.7900,211.8500,205.3750,205.8200,502984
2021-07-28,204.8600,209.7600,203.3100,207.8600,541653
2021-07-27,205.7800,205.7800,192.5300,203.3000,891266
2021-07-26,206.9800,211.1550,204.0401,204.8000,814407
2021-07-23,204.6700,208.4900,201.6500,208.1400,830995
2021-07-22,202.0000,204.4900,199.4153,203.0400,705010
2021-07-21,194.0600,200.8300,192.0000,200.4200,989053
2021-07-20,190.0700,197.2600,185.0800,194.4100,1221418
2021-07-19,179.3000,190.1200,175.9582,188.5400,1727618
2021-07-16,180.7600,184.5000,176.5000,182.0000,986796
2021-07-15,187.0000,190.7000,178.0700,179.6500,2759061
2021-07-14,195.5200,197.7100,185.7400,187.2000,1643651
2021-07-13,189.9800,195.6550,187.1300,191.1100,1721847
2021-07-12,191.9600,194.6400,187.0900,190.9900,1068019
2021-07-09,186.9900,191.1600,186.8600,190.6100,703991
2021-07-08,183.4400,189.3200,180.3450,188.8100,1537167
2021-07-07,190.2000,194.8000,186.5000,189.5300,1150305
2021-07-06,183.9800,189.9400,179.8300,188.3600,1630230
2021-07-02,181.6000,185.0000,180.0000,184.7000,764640
2021-07-01,181.0000,184.8000,177.8800,179.8500,955915
2021-06-30,186.0100,186.3150,182.0600,183.1800,875381
2021-06-29,187.0000,188.9000,184.4000,186.3800,990698
2021-06-28,190.0000,192.8900,183.4900,186.6000,1081548
2021-06-25,188.9300,189.7500,180.9900,189.4600,2053653
2021-06-24,190.0000,192.5000,185.5000,187.2300,1101498
2021-06-23,186.6100,191.8000,186.5500,189.9700,661916
2021-06-22,181.0000,188.5100,180.5000,186.6100,857917
2021-06-21,175.7100,184.7600,173.5200,181.2300,1281551
2021-06-18,170.0800,179.8500,169.5000,178.5000,1441521
2021-06-17,162.0000,173.6600,161.7500,172.7400,1457668
2021-06-16,159.4000,163.9700,157.3700,162.6200,1274798
2021-06-15,155.7800,159.7000,153.7750,159.4000,1155557
2021-06-14,157.7200,159.1000,155.9067,157.0500,776611
2021-06-11,155.0800,157.5450,153.1300,157.3400,774769
2021-06-10,154.3600,156.6800,152.5000,155.9300,636195
2021-06-09,161.5800,163.3000,154.7800,154.9700,902309
2021-06-08,154.8400,161.2900,153.9800,160.6500,1324494
2021-06-07,147.5100,154.9900,146.6000,153.9900,804311
2021-06-04,148.7700,150.8000,147.7500,148.4800,736354
2021-06-03,152.2900,153.1100,146.3900,146.3900,1110792
2021-06-02,151.0000,156.1500,150.2700,155.9400,858771
2021-06-01,148.9300,153.4600,144.3400,151.5900,929517
2021-05-28,149.0000,154.0000,148.2000,148.9200,1309616
2021-05-27,147.9100,148.9799,144.3400,147.4000,1696815
2021-05-26,147.5000,150.6000,146.9500,149.5000,1965748
2021-05-25,148.1700,148.7400,143.5200,146.2500,1514986
