timestamp,open,high,low,close,volume
2021-10-14,1.5600,1.6700,1.5300,1.6000,105606
2021-10-13,1.5400,1.7000,1.4800,1.5900,203870
2021-10-12,1.5300,1.5300,1.4400,1.5000,59738
2021-10-11,1.4600,1.5100,1.4500,1.4800,164978
2021-10-08,1.4700,1.4900,1.3710,1.4600,155974
2021-10-07,1.3600,1.4800,1.3600,1.4400,121781
2021-10-06,1.4100,1.4700,1.3700,1.3700,102707
2021-10-05,1.4300,1.5000,1.4000,1.4400,102981
2021-10-04,1.4800,1.5200,1.4100,1.4500,87961
2021-10-01,1.4800,1.5300,1.4300,1.5000,152056
2021-09-30,1.5000,1.5700,1.4100,1.4700,156365
2021-09-29,1.5500,1.5500,1.4500,1.5200,111421
2021-09-28,1.4700,1.5200,1.4400,1.5000,152101
2021-09-27,1.4700,1.5200,1.4400,1.4900,102688
2021-09-24,1.4300,1.4800,1.4300,1.4300,51416
2021-09-23,1.4000,1.4600,1.3699,1.4500,104609
2021-09-22,1.4600,1.4900,1.3800,1.4200,107414
2021-09-21,1.5000,1.5000,1.4100,1.4500,115755
2021-09-20,1.5200,1.5400,1.4150,1.5400,134475
2021-09-17,1.5000,1.5600,1.4800,1.5300,110734
2021-09-16,1.5300,1.6000,1.4700,1.5150,179733
2021-09-15,1.5200,1.5900,1.5200,1.5300,83411
2021-09-14,1.5900,1.6700,1.5300,1.5600,117107
2021-09-13,1.6000,1.6000,1.5500,1.5600,61756
2021-09-10,1.6000,1.6800,1.5400,1.6400,149452
2021-09-09,1.7000,1.7400,1.6100,1.6700,47914
2021-09-08,1.7300,1.8100,1.6699,1.7400,54758
2021-09-07,1.7800,1.8338,1.6400,1.7700,61603
2021-09-03,1.7900,1.8500,1.7150,1.8000,57521
2021-09-02,1.7100,1.8200,1.7100,1.8000,55299
2021-09-01,1.6000,1.7400,1.6000,1.7100,86836
2021-08-31,1.6100,1.6200,1.5400,1.6200,83863
2021-08-30,1.6300,1.6800,1.5600,1.6200,102331
2021-08-27,1.6500,1.7008,1.5700,1.6400,136159
2021-08-26,1.6400,1.7000,1.5900,1.6500,84312
2021-08-25,1.6200,1.7300,1.6100,1.6599,116358
2021-08-24,1.6200,1.6500,1.5000,1.5700,148191
2021-08-23,1.7100,1.7400,1.5600,1.5600,126895
2021-08-20,1.8600,1.8900,1.6500,1.6900,131467
2021-08-19,1.8700,1.9700,1.7600,1.8600,123947
2021-08-18,2.0200,2.0266,1.9000,1.9200,62729
2021-08-17,1.9300,2.0500,1.9000,2.0000,145309
2021-08-16,2.0000,2.0800,1.8700,1.9000,130746
2021-08-13,2.0600,2.0900,1.9400,2.0600,109664
2021-08-12,2.0400,2.0900,2.0000,2.0400,111112
2021-08-11,2.0000,2.0900,1.9250,2.0400,102187
2021-08-10,2.1000,2.1000,1.9600,1.9900,102242
2021-08-09,1.9600,2.0500,1.9200,2.0500,113483
2021-08-06,1.9000,2.0000,1.8600,1.9100,84157
2021-08-05,1.8200,1.9400,1.8200,1.9100,61963
2021-08-04,1.8400,1.9500,1.8300,1.8700,58983
2021-08-03,1.9100,1.9500,1.8300,1.8800,113050
2021-08-02,1.8700,1.9600,1.8600,1.9400,55874
2021-07-30,1.8900,1.9800,1.8100,1.8900,114067
2021-07-29,1.9200,1.9400,1.8250,1.8900,61481
2021-07-28,1.8400,1.9800,1.8400,1.9500,57370
2021-07-27,1.8500,1.9400,1.7000,1.8300,115663
2021-07-26,2.0800,2.1800,1.9000,1.9000,111812
2021-07-23,2.0400,2.1600,1.9400,2.1000,103564
2021-07-22,2.1300,2.1700,2.0000,2.0800,109451
2021-07-21,2.0300,2.1400,1.9400,2.1100,115593
2021-07-20,2.0500,2.1200,1.9600,2.0500,82819
2021-07-19,2.0300,2.2000,1.9100,2.0300,129259
2021-07-16,2.0600,2.1400,2.0600,2.1000,71905
2021-07-15,2.0300,2.1300,2.0300,2.0600,68169
2021-07-14,2.1800,2.3100,2.0400,2.0600,111140
2021-07-13,2.2300,2.2800,2.1300,2.1300,87571
2021-07-12,2.2600,2.3100,2.2100,2.2300,93514
2021-07-09,2.3000,2.4400,2.2693,2.2900,234371
2021-07-08,2.2800,2.4400,2.1500,2.2800,418467
2021-07-07,2.5000,2.5900,2.3000,2.3400,203618
2021-07-06,2.5700,2.7100,2.5100,2.5300,101941
2021-07-02,2.6700,2.7900,2.5100,2.5700,117504
2021-07-01,2.7200,2.8500,2.6500,2.7200,83073
2021-06-30,2.7900,2.8400,2.6200,2.6600,314880
2021-06-29,2.7500,2.8200,2.7300,2.7700,84370
2021-06-28,2.6600,2.8800,2.6600,2.8200,249900
2021-06-25,2.5000,2.6700,2.4900,2.6400,168949
2021-06-24,2.5200,2.5900,2.4800,2.5100,111559
2021-06-23,2.4300,2.6400,2.4300,2.4900,134183
2021-06-22,2.5700,2.5700,2.4200,2.4400,225548
2021-06-21,2.6300,2.7100,2.4900,2.5500,158571
2021-06-18,2.7800,2.8400,2.6100,2.6200,68740
2021-06-17,2.8500,2.9000,2.6900,2.7600,160568
2021-06-16,2.7400,2.8500,2.7400,2.8500,83856
2021-06-15,2.7400,2.8400,2.7000,2.7700,141039
2021-06-14,2.8500,2.9400,2.7800,2.8500,118333
2021-06-11,2.8800,2.9000,2.8000,2.8300,106877
2021-06-10,2.8900,2.9700,2.7500,2.8700,165101
2021-06-09,2.7200,2.8900,2.7200,2.8600,77530
2021-06-08,2.6300,2.8300,2.6300,2.7100,128560
2021-06-07,2.6200,2.7400,2.5717,2.6800,130892
2021-06-04,2.5500,2.7600,2.5100,2.6000,112012
2021-06-03,2.6700,2.6700,2.5300,2.5500,132255
2021-06-02,2.6900,2.7200,2.6000,2.6500,160647
2021-06-01,2.7000,2.7900,2.5700,2.7500,105411
2021-05-28,2.8700,2.9000,2.6900,2.6900,124947
2021-05-27,2.6500,2.9000,2.6500,2.9000,157615
2021-05-26,2.7400,2.7500,2.5900,2.6600,65434
2021-05-25,2.5700,2.8000,2.5600,2.6600,138296
