timestamp,open,high,low,close,volume
2021-10-14,20.5200,20.5200,19.8700,20.0400,1127667
2021-10-13,19.7200,20.5450,19.6200,20.3200,1109609
2021-10-12,18.8500,19.6200,18.8500,19.6100,642694
2021-10-11,18.4700,19.1500,18.4700,18.8700,884487
2021-10-08,18.3900,18.6300,18.3100,18.3700,425363
2021-10-07,18.3200,18.6900,18.2800,18.3500,809764
2021-10-06,17.4000,18.2400,17.2700,18.1900,635326
2021-10-05,17.2600,17.9000,17.1800,17.6100,2031730
2021-10-04,16.8000,17.2800,16.8000,17.1600,794963
2021-10-01,16.8000,16.8500,16.4500,16.7500,573273
2021-09-30,16.7700,16.9600,16.6100,16.7300,386732
2021-09-29,16.7500,16.9900,16.6300,16.8000,356922
2021-09-28,17.3600,17.4500,16.6800,16.7300,436459
2021-09-27,17.0100,17.6700,17.0000,17.4600,504231
2021-09-24,17.0900,17.1900,16.9400,17.0300,200156
2021-09-23,17.0000,17.2300,16.9300,17.1600,194902
2021-09-22,16.7700,17.0400,16.7700,16.8400,273632
2021-09-21,16.9300,17.0200,16.6010,16.8100,437443
2021-09-20,17.5400,17.7500,16.7000,16.8600,660665
2021-09-17,17.6400,18.4150,17.6400,17.9700,2175842
2021-09-16,17.3000,17.8450,17.2400,17.7200,800654
2021-09-15,16.9800,17.4300,16.8214,17.3900,519962
2021-09-14,17.2500,17.2500,16.9300,16.9700,368612
2021-09-13,16.8900,17.2700,16.7000,17.2100,486903
2021-09-10,17.1700,17.3500,16.8400,16.8500,383042
2021-09-09,16.9000,17.4000,16.8000,17.1800,478702
2021-09-08,17.2900,17.4200,16.8800,16.9300,723464
2021-09-07,17.4500,17.5500,17.3200,17.3300,407347
2021-09-03,17.2700,17.6600,17.2700,17.4700,400980
2021-09-02,17.4700,17.6000,17.2600,17.3200,523330
2021-09-01,17.2000,17.6200,17.1000,17.4000,499396
2021-08-31,17.1400,17.1400,16.8400,17.0700,614217
2021-08-30,17.3100,17.3800,17.1500,17.1900,373332
2021-08-27,17.5000,17.5700,17.2800,17.3700,389186
2021-08-26,17.7300,17.8100,17.3000,17.3000,392005
2021-08-25,17.8000,18.0600,17.7150,17.7900,630375
2021-08-24,17.5100,17.9000,17.4600,17.8700,762915
2021-08-23,17.3300,17.5650,17.2500,17.4500,442625
2021-08-20,16.9500,17.3150,16.9200,17.2600,454570
2021-08-19,17.4700,17.6100,16.9650,17.0800,543244
2021-08-18,18.0000,18.0700,17.7000,17.7200,464515
2021-08-17,17.9100,18.1450,17.7700,18.0600,614559
2021-08-16,18.4700,18.4800,18.0300,18.1300,428292
2021-08-13,18.4600,18.5500,18.2700,18.4800,315297
2021-08-12,18.7700,18.7700,18.4300,18.4500,366259
2021-08-11,18.6100,18.9100,18.2650,18.7300,1245352
2021-08-10,18.8300,18.9900,18.4850,18.5800,789439
2021-08-09,19.0000,19.2500,18.8500,18.9000,822258
2021-08-06,19.5700,19.7950,18.8737,19.0900,682694
2021-08-05,20.5400,20.7650,20.1400,20.3600,988191
2021-08-04,22.1600,22.2550,20.5000,20.5300,954539
2021-08-03,21.5300,22.9100,21.5300,22.6400,833404
2021-08-02,22.1900,22.7650,21.7300,22.0700,916540
2021-07-30,11.3600,11.4800,11.1200,11.2400,1483992
2021-07-29,11.3000,11.5000,11.1800,11.4300,829720
2021-07-28,10.9900,11.3380,10.9900,11.2600,1214844
2021-07-27,11.1400,11.2593,10.9600,11.0200,985477
2021-07-26,11.0400,11.1400,10.8000,11.1200,1706655
2021-07-23,11.0900,11.2500,10.8400,11.1200,1667524
2021-07-22,10.8900,11.1400,10.8200,11.1200,2960411
2021-07-21,10.1300,10.9650,9.9000,10.8800,2632805
2021-07-20,10.4400,10.5200,9.8000,10.2000,4734578
2021-07-19,16.7500,16.9900,16.5200,16.9200,1280979
2021-07-16,16.7100,17.3700,16.6900,16.9500,990355
2021-07-15,17.2200,17.2300,16.5700,16.6900,787847
2021-07-14,17.2300,17.3650,16.9600,17.2300,665841
2021-07-13,17.1500,17.5700,17.0000,17.1400,858343
2021-07-12,17.3200,17.4050,16.8200,17.0900,1035960
2021-07-09,17.3400,17.4500,17.1300,17.4100,481389
2021-07-08,17.3300,17.3700,16.9772,17.1900,502993
2021-07-07,17.2900,17.5900,17.1800,17.5500,590417
2021-07-06,17.2800,17.2800,17.0050,17.1900,1205960
2021-07-02,16.8300,17.2550,16.7400,17.2300,561514
2021-07-01,16.8900,16.9300,16.7100,16.8000,523157
2021-06-30,16.9400,17.0400,16.8200,16.8900,693698
2021-06-29,17.1200,17.1900,16.9320,17.0100,473729
2021-06-28,17.3300,17.3600,16.8050,17.0900,772607
2021-06-25,17.2000,17.3300,17.0000,17.2900,1613611
2021-06-24,17.0100,17.1900,17.0000,17.1300,528618
2021-06-23,16.8400,17.0000,16.7700,16.8900,474569
2021-06-22,16.9900,17.0800,16.7900,16.8800,443122
2021-06-21,17.0500,17.1700,16.8100,17.0500,465137
2021-06-18,17.2200,17.2700,16.9800,17.0100,1006125
2021-06-17,17.1100,17.2800,16.8900,17.2500,414992
2021-06-16,16.9500,17.1400,16.8700,17.0800,410337
2021-06-15,17.5300,17.5500,16.8400,16.9900,628131
2021-06-14,17.3600,17.5300,17.2500,17.5200,906778
2021-06-11,17.3700,17.3950,17.1500,17.3100,480065
2021-06-10,16.7400,17.3800,16.6400,17.3000,851418
2021-06-09,16.9200,16.9900,16.7200,16.7400,366256
2021-06-08,16.5800,16.9300,16.4700,16.8600,465780
2021-06-07,16.3800,16.6500,16.3100,16.5300,482001
2021-06-04,16.6600,16.7399,16.3900,16.5000,328612
2021-06-03,16.4000,16.6100,16.2800,16.5200,519944
2021-06-02,16.3000,16.5700,16.3000,16.4700,1014523
2021-06-01,16.5200,16.6100,16.2300,16.3200,901026
2021-05-28,16.7700,17.0000,16.4700,16.5500,700954
2021-05-27,16.3600,16.7100,16.1200,16.6800,1709348
2021-05-26,16.5800,16.6700,16.3800,16.4600,918005
2021-05-25,17.1600,17.2000,16.3700,16.4800,1628477
