timestamp,open,high,low,close,volume
2021-10-14,76.7100,78.0000,76.5100,76.7800,370970
2021-10-13,74.4400,76.3600,74.4400,76.1400,232821
2021-10-12,74.7400,75.3800,73.8350,74.1400,325616
2021-10-11,74.5500,75.9700,74.1500,74.2100,207211
2021-10-08,75.7500,76.2500,74.1200,74.9500,165050
2021-10-07,74.6400,76.4550,74.5900,75.5500,369616
2021-10-06,72.6600,74.4900,72.3800,73.9500,411551
2021-10-05,70.4700,73.7100,70.4700,73.2600,901885
2021-10-04,72.6000,73.2900,68.9150,70.5800,509401
2021-10-01,71.8300,73.4700,70.7000,72.9700,523939
2021-09-30,70.6000,72.3600,70.4600,71.7700,478573
2021-09-29,71.9100,72.2800,70.6400,70.7200,287750
2021-09-28,73.0900,73.8100,70.7900,71.0400,479222
2021-09-27,75.2400,75.2400,73.5100,73.9200,650452
2021-09-24,76.3500,76.7350,75.8300,76.2300,238031
2021-09-23,75.7800,76.9600,75.5200,76.7100,271229
2021-09-22,75.8600,76.8300,75.4000,75.5700,230790
2021-09-21,76.8500,78.2500,75.9400,76.0100,474572
2021-09-20,75.5200,76.5300,74.5800,76.1800,453709
2021-09-17,79.7300,79.7300,76.3700,77.0400,1316083
2021-09-16,77.3000,79.5400,76.8200,79.5100,559623
2021-09-15,76.3900,77.1400,76.0200,76.6000,338345
2021-09-14,76.9100,77.3800,76.1800,76.4100,276970
2021-09-13,76.5400,76.8100,74.5500,76.4300,467374
2021-09-10,79.2800,79.8100,76.4800,76.5400,311267
2021-09-09,78.5100,79.8500,78.1100,78.9000,191979
2021-09-08,80.0800,80.4872,78.0300,78.5800,339895
2021-09-07,81.7600,81.8600,80.1400,80.4100,524222
2021-09-03,80.0100,81.4900,79.6700,81.4700,247087
2021-09-02,79.5400,80.6000,78.9950,80.1000,446095
2021-09-01,80.0000,80.9500,79.1800,79.2600,504088
2021-08-31,79.9900,80.3300,79.3100,79.9700,356056
2021-08-30,79.0100,80.2700,78.3400,79.7600,375981
2021-08-27,77.8600,79.1300,77.6100,79.0900,273776
2021-08-26,77.6300,78.4600,77.3900,77.7300,184490
2021-08-25,77.2900,78.5100,77.2900,77.8700,196780
2021-08-24,76.2900,78.0400,76.2900,77.9700,248528
2021-08-23,73.7900,76.0000,73.6338,75.8800,333144
2021-08-20,74.2400,74.9600,73.0200,73.5800,827898
2021-08-19,75.2500,75.6300,74.4300,74.5200,410241
2021-08-18,76.7300,77.2200,75.6300,75.7600,427483
2021-08-17,77.1100,78.2000,76.6300,76.8600,299199
2021-08-16,79.9500,79.9500,77.0900,77.3200,587581
2021-08-13,80.0000,80.9000,79.6350,80.1400,264073
2021-08-12,79.9400,80.2702,79.0600,79.9600,246291
2021-08-11,78.8400,79.8200,78.3200,79.6600,626154
2021-08-10,79.0500,79.6500,78.5800,78.8300,721761
2021-08-09,80.9900,80.9900,79.0200,79.2100,707172
2021-08-06,81.8600,82.4500,79.1800,80.8900,1023488
2021-08-05,79.6800,82.7600,77.5200,82.4700,995067
2021-08-04,70.8700,78.9500,70.7700,78.8300,1499034
2021-08-03,68.8400,69.4100,67.2000,68.3200,410941
2021-08-02,69.0000,69.2400,67.1500,69.0000,582763
2021-07-30,69.7700,70.2200,68.7600,69.0800,293792
2021-07-29,69.6900,70.8000,69.5100,70.3700,271729
2021-07-28,68.8100,70.0250,68.4900,69.8800,231870
2021-07-27,70.9600,71.0000,67.6000,68.7700,349219
2021-07-26,69.6200,70.7100,69.3300,70.5200,426186
2021-07-23,69.0400,69.6700,68.3800,69.5600,371105
2021-07-22,67.8300,68.8500,67.4800,68.7500,251273
2021-07-21,67.0800,67.8800,66.1300,67.5800,452364
2021-07-20,65.6400,67.7400,65.1101,67.2500,438697
2021-07-19,63.5600,65.2000,63.4800,65.0000,525940
2021-07-16,64.0000,64.8900,63.5700,64.2500,264574
2021-07-15,64.9900,65.3600,63.1900,63.8500,342859
2021-07-14,65.9500,66.4200,64.5600,64.7200,277680
2021-07-13,66.1900,66.8500,65.3400,65.3700,210420
2021-07-12,68.0600,68.0600,66.4400,66.6700,320066
2021-07-09,67.1200,67.7200,66.6300,67.6300,257063
2021-07-08,66.0200,67.3100,65.3000,67.1300,246894
2021-07-07,68.0800,68.1400,66.5200,67.0500,194469
2021-07-06,67.7500,67.8600,66.4300,67.4200,535218
2021-07-02,66.6900,67.5300,66.6101,67.2700,448342
2021-07-01,66.2500,67.2900,65.5500,66.5400,609270
2021-06-30,68.7000,68.7000,66.8300,66.9700,640359
2021-06-29,69.6600,69.9850,68.7600,68.8700,268901
2021-06-28,70.0400,70.7950,69.5500,69.7500,254241
2021-06-25,70.4000,70.9250,68.9500,69.5400,729750
2021-06-24,71.4700,71.4900,69.3700,69.9400,385973
2021-06-23,71.1500,71.9800,70.5200,71.3000,511826
2021-06-22,70.7500,71.5500,70.2600,70.9200,570354
2021-06-21,71.1300,71.2100,70.0100,70.8000,406688
2021-06-18,72.0800,72.1000,70.8600,71.2300,597228
2021-06-17,69.0100,72.3000,69.0100,71.6400,530084
2021-06-16,67.4400,69.5600,67.2424,69.5300,440978
2021-06-15,68.4600,68.6148,66.8800,67.3100,343931
2021-06-14,68.0000,68.7000,67.6500,68.4200,410538
2021-06-11,67.3800,67.8900,67.1000,67.7900,318899
2021-06-10,65.9000,67.3350,65.2700,67.3000,266013
2021-06-09,67.0800,67.4000,65.6300,65.9200,555570
2021-06-08,64.2000,66.6500,64.1800,66.5800,524103
2021-06-07,62.6500,63.9700,62.1500,63.9700,1153711
2021-06-04,62.7900,63.7000,62.5400,62.8400,422548
2021-06-03,62.9100,63.4600,61.9400,62.3700,1233476
2021-06-02,62.7300,64.0300,62.1500,63.4300,574174
2021-06-01,62.5000,63.1699,61.7600,62.7300,737007
2021-05-28,63.1100,64.0000,62.6800,62.6800,296830
2021-05-27,61.7800,63.0300,60.8800,62.7300,900511
2021-05-26,61.7000,63.6800,61.6300,62.2900,781647
2021-05-25,61.9700,61.9700,60.7300,61.0200,625533
