timestamp,open,high,low,close,volume
2021-10-14,64.0500,65.7200,64.0500,65.5600,1328526
2021-10-13,62.1700,63.8400,62.0100,63.6700,1602385
2021-10-12,60.3000,61.6700,59.9200,61.1700,735689
2021-10-11,59.2900,60.5600,58.4400,60.0600,1420553
2021-10-08,60.8200,60.9500,59.2400,59.8300,720896
2021-10-07,60.0000,61.8000,59.9600,60.8100,943043
2021-10-06,58.3800,59.9600,58.2300,59.6700,880078
2021-10-05,59.0600,60.7800,58.9600,59.1600,1293480
2021-10-04,61.4400,61.5550,58.2300,58.8100,2250894
2021-10-01,61.5700,62.0000,60.2300,61.9800,1215398
2021-09-30,60.7200,61.7300,60.6000,60.8900,905960
2021-09-29,62.0300,62.2900,60.1400,60.8100,1283068
2021-09-28,63.5000,63.5000,61.5300,61.5800,1489305
2021-09-27,64.4400,65.0200,63.1900,64.4900,1227487
2021-09-24,65.9000,65.9400,64.7000,65.3200,481431
2021-09-23,65.7400,66.2200,64.5200,65.9000,989321
2021-09-22,64.9300,65.5500,64.2600,65.3200,1069668
2021-09-21,65.0000,65.3700,64.3800,64.9700,921444
2021-09-20,64.3700,65.2800,63.7200,64.7000,1338121
2021-09-17,65.4900,66.0000,64.5300,65.6700,2803878
2021-09-16,65.0000,65.5900,64.5100,65.3300,962566
2021-09-15,64.5700,65.6200,64.0290,65.4400,1431896
2021-09-14,65.5500,65.7700,64.5600,65.0600,1511069
2021-09-13,65.5400,65.7900,64.0500,65.0000,1320082
2021-09-10,66.3000,66.8350,65.0800,65.6200,1592834
2021-09-09,66.0600,67.2000,65.5800,66.0700,1205845
2021-09-08,67.3700,68.6300,66.2600,66.2800,1606219
2021-09-07,68.2200,68.2900,66.8800,67.8900,1328362
2021-09-03,66.9000,68.8600,66.7000,67.9600,1752394
""
2021-09-02,66.0000,67.9000,65.3003,67.0000,2543817
2021-09-01,69.2800,70.2500,66.1100,66.1600,10469926
2021-08-31,60.9700,61.8499,59.3900,59.9800,3563468
2021-08-30,62.1500,62.7200,61.1400,61.3900,1369202
2021-08-27,61.0500,62.7500,60.8300,62.1000,2493148
2021-08-26,60.5000,60.9500,59.3200,59.4300,1559078
2021-08-25,60.4000,60.9500,59.8600,60.4300,811636
2021-08-24,60.5400,61.4300,60.3900,60.5600,1468943
2021-08-23,58.8800,60.5800,58.4500,60.5400,1700299
2021-08-20,58.8200,59.6400,58.5700,58.6400,2119591
2021-08-19,59.0000,59.3900,58.3500,58.8400,1433259
2021-08-18,59.0000,60.0000,58.7000,59.3800,1650536
2021-08-17,58.7300,59.9100,58.5700,59.0000,1585528
2021-08-16,58.4800,59.2390,57.9100,58.9200,2302503
2021-08-13,58.0000,58.9600,57.8400,58.7800,1063959
2021-08-12,56.3900,58.0800,56.3900,58.0600,791242
2021-08-11,55.6200,57.2800,55.4600,56.8900,1556015
2021-08-10,56.9700,57.1900,53.5750,55.1000,2082748
2021-08-09,57.5700,57.8100,56.6700,56.7100,920778
2021-08-06,57.5000,57.9000,56.9100,57.3500,766837
2021-08-05,57.6500,57.9000,56.6150,57.6500,1200439
2021-08-04,56.5000,57.9000,56.3400,57.3500,590521
2021-08-03,58.0000,58.9400,56.0200,56.4000,1458687
2021-08-02,57.1800,57.9000,56.5000,56.7500,803771
2021-07-30,56.5000,57.3500,56.0300,57.2000,752882
2021-07-29,56.7000,57.6400,56.3450,57.1200,1352407
2021-07-28,56.0000,56.9200,55.4000,56.8700,1106990
2021-07-27,56.5000,56.6200,54.5500,55.6700,840204
2021-07-26,56.5800,56.8100,55.4700,56.3100,980190
2021-07-23,57.2200,57.5300,56.2650,56.8000,1397536
2021-07-22,55.8100,56.8600,55.5800,56.6900,1186917
2021-07-21,54.8200,56.2600,53.9800,55.9400,1205555
2021-07-20,53.1900,55.8200,52.9200,54.8400,1376157
2021-07-19,52.9900,53.0900,51.8000,52.9700,1902922
2021-07-16,52.9500,53.7100,52.2100,53.5900,1524319
2021-07-15,53.3100,53.9000,52.4000,52.6200,1945721
2021-07-14,54.8900,55.5700,53.3100,53.4400,1241448
2021-07-13,53.0000,55.8100,53.0000,54.4500,2285674
2021-07-12,54.5100,55.2500,52.7300,52.9100,1316918
2021-07-09,53.7400,54.2400,52.8150,54.2300,1036550
2021-07-08,54.0200,54.1100,52.4800,53.7400,1349232
2021-07-07,55.8800,55.9900,54.2850,54.4900,1471601
2021-07-06,54.4200,55.9400,54.4100,55.1400,1007357
2021-07-02,53.8500,54.6299,53.6000,54.1000,1322664
2021-07-01,53.3000,54.4200,52.7200,53.1400,1730169
2021-06-30,55.0000,55.0000,53.2700,53.3000,1991821
2021-06-29,55.0600,55.4400,54.1900,55.2300,1333635
2021-06-28,55.9800,56.2500,54.7900,55.1600,1139958
2021-06-25,55.6900,55.9300,54.7200,55.2800,2205375
2021-06-24,55.2500,56.0300,54.8400,55.3400,1265436
2021-06-23,55.0000,56.0600,54.2850,54.7900,1316833
2021-06-22,54.8000,55.6400,53.8500,54.6200,2075423
2021-06-21,54.7400,55.2700,53.3800,54.5400,1856418
2021-06-18,53.6100,54.9800,53.2100,54.8200,2711508
2021-06-17,51.4500,53.9950,51.4500,53.6400,2034824
2021-06-16,51.5600,52.2150,50.8800,52.0500,1943372
2021-06-15,52.5100,52.6900,51.5200,51.8100,1209627
2021-06-14,53.4100,53.6000,52.4700,52.6700,2489425
2021-06-11,51.2500,53.3100,50.5200,53.2700,2959006
2021-06-10,49.6400,51.1800,49.1200,50.9900,1872593
2021-06-09,49.5600,50.3700,49.0250,49.5000,2165716
2021-06-08,49.9900,50.6400,48.5000,49.0700,3727749
2021-06-07,49.1800,50.0300,48.4000,49.5600,2442787
2021-06-04,49.6700,50.0500,48.8400,49.2700,1496120
2021-06-03,51.0100,51.0500,49.3050,49.3700,1579290
2021-06-02,50.9500,51.6500,50.7800,51.2000,1286088
2021-06-01,51.7500,51.8800,50.3000,51.1100,1548793
2021-05-28,49.6750,53.2800,49.3800,51.5100,3992902
2021-05-27,46.4700,51.1400,46.0035,49.6100,18605179
2021-05-26,57.9300,58.6200,56.9600,56.9900,2281369
2021-05-25,57.8500,59.1700,57.4600,57.6100,2274809
