timestamp,open,high,low,close,volume
2021-10-14,75.2000,77.2799,74.9900,76.8000,752581
2021-10-13,73.8000,75.2000,73.5000,74.8000,1049952
2021-10-12,72.0400,73.6000,71.9800,73.4700,381236
2021-10-11,72.0000,72.7900,71.4600,71.6900,246091
2021-10-08,73.7000,73.8500,72.2139,72.3400,292875
2021-10-07,73.2700,74.2700,72.8100,73.3000,583309
2021-10-06,69.9900,72.9400,69.7600,72.6600,727953
2021-10-05,68.1400,70.6100,68.1000,70.4000,746191
2021-10-04,73.5200,73.5200,68.2400,68.2900,1224374
2021-10-01,73.6500,74.6500,73.2800,74.0200,746391
2021-09-30,71.7400,73.5300,71.7400,73.1000,719121
2021-09-29,72.5100,72.9600,70.1000,71.6500,888950
2021-09-28,74.4100,74.4900,71.3286,71.8300,937530
2021-09-27,75.0000,75.6700,74.0000,75.3900,769029
2021-09-24,72.2600,75.5300,72.1500,75.5000,1152892
2021-09-23,70.2300,72.5100,69.5400,72.3700,1118586
2021-09-22,70.3300,70.6600,69.7700,69.8800,357345
2021-09-21,69.9300,70.7300,69.4550,70.0000,372956
2021-09-20,70.2500,71.0300,68.7300,69.7500,778216
2021-09-17,71.0000,71.8900,70.5600,71.6900,872109
2021-09-16,69.9500,70.9700,69.4200,70.9200,497264
2021-09-15,70.8500,71.5400,69.9500,70.3500,504682
2021-09-14,72.2200,72.7600,70.9700,71.1000,503804
2021-09-13,72.1000,72.3000,69.3000,72.1100,1108095
2021-09-10,74.4600,75.3500,72.3200,72.3600,1071724
2021-09-09,73.9900,74.8800,73.9050,74.2600,396152
2021-09-08,74.7400,74.7400,73.0900,74.2900,523099
2021-09-07,75.6500,76.1700,74.2100,74.6700,572813
2021-09-03,75.1600,76.1138,74.7900,76.0000,386504
2021-09-02,74.5000,75.7300,74.5000,75.0100,951416
2021-09-01,74.4900,75.4100,74.4800,74.8400,707380
2021-08-31,74.8200,74.8200,73.6600,73.9700,581118
2021-08-30,74.7800,75.2500,73.6000,74.3700,470584
2021-08-27,71.7700,74.4350,71.7505,74.2200,668898
2021-08-26,73.3100,74.5000,72.0200,72.0800,451118
2021-08-25,73.2700,74.4250,72.7094,73.4300,589599
2021-08-24,72.3300,73.7700,72.3300,73.5500,559491
2021-08-23,71.3900,72.3100,70.1700,71.9900,801734
2021-08-20,69.8300,71.0000,69.4500,70.8000,1234459
2021-08-19,70.4400,71.4700,69.8000,70.0000,889609
2021-08-18,71.5700,73.0565,70.8700,70.9700,570608
2021-08-17,70.6900,72.0900,69.5300,71.2200,819707
2021-08-16,68.8000,71.8000,66.9200,71.2600,2762653
2021-08-13,71.8600,71.9400,69.2800,69.3900,955902
2021-08-12,71.7500,72.8550,71.2900,71.6300,696169
2021-08-11,73.1800,73.6499,71.4500,71.9000,788351
2021-08-10,76.3900,76.8900,73.1200,73.1200,782651
2021-08-09,74.4500,76.9000,73.8100,76.0700,1064960
2021-08-06,73.8100,74.8000,72.2900,74.4700,1360834
2021-08-05,67.8800,74.4200,67.8043,74.2300,2156748
2021-08-04,70.6500,72.0000,66.6600,68.5100,5650607
2021-08-03,78.2100,79.6500,77.1900,78.7900,1237798
2021-08-02,78.0000,79.1550,76.3500,78.1600,638128
2021-07-30,76.0000,77.9300,75.6010,77.4000,617408
2021-07-29,78.5000,79.2850,76.6800,76.8600,644079
2021-07-28,78.0500,78.9455,77.6528,78.4900,970271
2021-07-27,81.0000,81.7700,77.8000,77.8800,960471
2021-07-26,81.1400,83.3450,80.9000,81.1200,779098
2021-07-23,80.8200,82.9400,80.0000,81.7900,725056
2021-07-22,80.7500,81.5300,80.0000,80.8900,555101
2021-07-21,79.3800,81.0600,78.8190,80.3600,633162
2021-07-20,77.0000,80.9400,76.5500,79.8900,1218976
2021-07-19,76.0000,76.5150,74.6500,76.0000,1275323
2021-07-16,77.7100,78.3800,76.9300,77.0500,620605
2021-07-15,77.9900,78.6150,76.0400,76.8500,985931
2021-07-14,80.5500,80.7700,78.1600,78.2000,537818
2021-07-13,80.0600,81.8800,79.7000,80.0100,781834
2021-07-12,83.9300,84.9000,78.7000,79.8600,2003395
2021-07-09,82.8200,83.7700,81.7433,83.6700,439152
2021-07-08,82.5600,83.4699,81.3000,82.8400,577684
2021-07-07,86.0900,86.1200,83.6600,83.8700,846598
2021-07-06,84.5400,87.0000,84.1000,85.0700,858414
2021-07-02,83.8600,84.3899,83.0100,83.9000,677137
2021-07-01,85.8700,86.3030,83.5400,83.5900,907629
2021-06-30,87.0500,87.8000,85.9300,86.0200,686505
2021-06-29,89.0000,89.0600,86.7500,87.0500,798595
2021-06-28,90.2500,90.5700,88.6100,89.1900,634409
2021-06-25,88.9000,90.1050,87.6500,89.4100,1229480
2021-06-24,88.3800,89.8550,87.8020,88.6400,552176
2021-06-23,87.1700,88.5580,87.1700,87.9000,727853
2021-06-22,85.9000,89.2500,85.5150,87.3400,1248651
2021-06-21,84.8500,85.9800,82.9700,85.7000,720320
2021-06-18,84.6900,85.7400,84.1801,85.5200,895644
2021-06-17,81.1400,85.6200,81.1400,85.0600,977270
2021-06-16,82.4300,83.8600,81.0600,82.7200,714380
2021-06-15,84.4100,85.4800,81.8200,82.3700,946095
2021-06-14,83.0000,85.9900,82.8500,84.4200,1219560
2021-06-11,82.1200,82.5000,80.8801,82.2600,1303595
2021-06-10,78.8600,82.3600,78.2000,82.1500,1269311
2021-06-09,78.7400,80.9899,78.6000,78.8100,1212303
2021-06-08,77.7900,78.9800,76.8000,77.7300,593476
2021-06-07,76.3600,77.9000,75.7120,77.1800,635123
2021-06-04,76.3900,77.6250,76.3100,76.6800,521439
2021-06-03,77.3400,77.7050,75.9900,76.0900,723942
2021-06-02,76.6700,78.1900,76.5500,78.0100,614569
2021-06-01,78.0600,78.9800,76.6300,76.7600,842248
2021-05-28,77.4700,79.1150,77.1500,77.7700,735144
2021-05-27,77.9000,77.9600,76.0100,76.9800,1482934
2021-05-26,76.0200,79.0500,75.8965,78.8400,1291925
2021-05-25,76.6500,77.0000,74.9400,75.1500,933460
