timestamp,open,high,low,close,volume
2021-10-14,27.5100,28.0700,27.1000,27.3200,1577124
2021-10-13,26.8700,27.4000,26.5100,27.0100,1379973
2021-10-12,26.3200,27.0000,26.1700,26.6200,1429326
2021-10-11,26.5900,27.4400,26.2000,26.2000,1299931
2021-10-08,26.8300,27.2800,26.4400,26.6000,1210179
2021-10-07,26.0800,27.3600,25.9600,26.7900,1579516
2021-10-06,25.7300,26.0000,25.0500,25.7800,1801155
2021-10-05,26.2200,26.9000,26.0700,26.2700,1484232
2021-10-04,27.2100,27.2672,26.0200,26.0900,1641416
2021-10-01,27.7300,28.1200,26.7000,27.6700,1425814
2021-09-30,27.9600,28.2300,27.2600,27.5700,1244200
2021-09-29,28.7200,28.8028,27.5400,27.7700,1208775
2021-09-28,29.3000,29.5399,28.4100,28.5300,1349808
2021-09-27,29.1000,29.9600,28.6300,29.7900,1415080
2021-09-24,29.0100,29.7900,28.3500,29.1500,1621569
2021-09-23,29.5600,30.2600,29.4100,29.4900,1426740
2021-09-22,28.7500,29.4300,28.6600,29.0000,1474611
2021-09-21,28.0850,28.7099,27.8800,28.3500,2196971
2021-09-20,28.5600,28.7400,27.2900,27.9100,2549084
2021-09-17,30.6800,30.8500,29.6000,30.0000,3739227
2021-09-16,29.9600,31.5500,29.3900,30.6300,2473275
2021-09-15,29.8100,30.1600,29.0901,30.1000,1296478
2021-09-14,30.6700,31.0700,29.6400,29.8800,2000862
2021-09-13,31.1500,31.2300,29.7501,30.4700,1873496
2021-09-10,32.2300,32.6000,30.8600,30.9100,2160322
2021-09-09,30.7000,32.4400,30.3800,32.0400,2345314
2021-09-08,32.5900,32.7000,30.4000,31.0600,2513311
2021-09-07,32.3100,33.0100,31.4000,32.7800,2002815
2021-09-03,32.2000,32.3147,30.9500,31.9700,1987167
2021-09-02,32.1000,33.4000,31.8800,32.4400,2676243
2021-09-01,30.9100,32.3700,30.8800,31.8500,3799567
2021-08-31,30.3000,30.7084,29.5200,30.4400,1994478
2021-08-30,30.3800,31.2000,29.3900,30.1300,2345695
2021-08-27,28.8000,30.3250,28.6800,29.9900,2084578
2021-08-26,29.4100,30.7000,28.6200,28.7100,1918296
2021-08-25,29.7500,30.8200,28.9500,29.6500,2538001
2021-08-24,29.3200,30.4190,28.9900,30.2100,3182984
2021-08-23,28.1200,29.2900,27.6200,29.2100,2919772
2021-08-20,27.1800,27.9500,26.8200,27.8900,2220348
2021-08-19,27.7900,28.4700,26.9100,27.2300,2614302
2021-08-18,28.1900,29.7499,27.8800,28.1200,3587768
2021-08-17,29.0100,29.8500,27.2300,27.6000,3960632
2021-08-16,29.9500,30.7800,28.6300,28.7600,4482281
2021-08-13,33.1400,33.2000,30.0300,30.1400,4275473
2021-08-12,33.2700,34.0300,32.5600,33.2700,3281971
2021-08-11,34.5900,36.2000,32.8500,33.8400,10757056
2021-08-10,32.5500,40.4000,32.0100,34.4400,43649194
2021-08-09,27.6700,28.7300,27.4000,28.3500,3376682
2021-08-06,28.1600,28.4000,27.2500,27.6600,1524677
2021-08-05,26.9600,29.4600,26.6300,28.0700,3681241
2021-08-04,26.4900,27.3000,26.2100,26.2900,1488516
2021-08-03,27.3400,27.5039,25.8550,26.6000,1877675
2021-08-02,27.9100,28.3850,27.2560,27.5100,1872919
2021-07-30,27.2400,28.1300,27.1000,27.5400,2366720
2021-07-29,27.2200,28.2800,26.6100,27.7700,4236655
2021-07-28,25.3200,27.0400,25.2447,26.7300,3941807
2021-07-27,24.5500,25.1684,23.2400,24.9400,3073513
2021-07-26,25.8000,25.8400,24.0400,24.8200,4096657
2021-07-23,26.0500,26.2900,25.1200,25.8200,2023868
2021-07-22,27.5100,27.7000,25.6500,25.9900,2661596
2021-07-21,26.8000,27.8800,26.5200,27.5800,2423692
2021-07-20,25.9000,26.9900,24.9300,26.6400,2969563
2021-07-19,24.5000,26.4800,24.1200,25.9000,4203417
2021-07-16,27.3700,27.7200,25.2200,25.3000,3773342
2021-07-15,28.7500,29.1100,26.8800,27.2700,3541478
2021-07-14,29.6300,31.5000,28.4300,28.6500,5729504
2021-07-13,30.7001,31.0799,29.4500,29.4600,3539211
2021-07-12,34.6000,35.9800,30.8900,31.1000,5545856
2021-07-09,34.1500,34.7300,33.3100,34.4100,1937062
2021-07-08,32.8800,34.9400,32.1700,34.2200,4403461
2021-07-07,35.9800,36.1465,33.8100,34.0500,2305663
2021-07-06,36.2500,37.6208,34.1800,36.0000,3971510
2021-07-02,39.0000,39.8999,36.0500,36.1100,3354462
2021-07-01,40.4200,40.5300,37.3299,38.5000,3079718
2021-06-30,38.0000,40.1400,36.6300,39.9700,4597923
2021-06-29,40.4600,41.4499,38.1600,38.4000,3400013
2021-06-28,39.2600,41.4500,39.1800,40.0600,4133465
2021-06-25,38.2000,41.4800,37.3100,39.3000,14728714
""
2021-06-24,38.2200,39.3900,36.1800,38.1200,6200576
2021-06-23,36.2100,38.3400,35.8200,38.0400,11697467
2021-06-22,29.6000,38.5500,29.6000,36.8700,41662371
2021-06-21,28.1800,28.8800,27.2662,28.8800,3489792
2021-06-18,28.8300,29.4000,27.4300,27.9500,4425106
2021-06-17,27.6800,29.2700,27.5600,29.0200,3183518
2021-06-16,27.1300,28.0578,26.8500,28.0000,2422731
2021-06-15,29.2700,29.4131,27.3200,27.8600,3183084
2021-06-14,30.0200,30.6400,28.7500,29.3500,2842264
2021-06-11,29.6100,31.0090,29.3600,29.8300,2412967
2021-06-10,29.8200,30.5000,28.7800,29.3000,2646163
2021-06-09,31.4500,31.6894,29.7800,29.8600,3265341
2021-06-08,31.5500,31.9800,30.3400,31.1400,3411004
2021-06-07,30.0500,31.7100,29.3600,31.3600,3298554
2021-06-04,30.5600,30.7200,29.3500,30.0000,3473830
2021-06-03,31.5600,32.4700,30.0100,30.2400,5220611
2021-06-02,29.3100,33.0000,29.1700,32.3400,7197608
2021-06-01,29.9300,30.2500,28.5700,29.0500,4080274
2021-05-28,31.0000,32.5000,29.2200,29.4100,6977376
2021-05-27,28.9500,31.1200,28.5600,30.8900,5654176
2021-05-26,27.2900,29.8775,27.1000,29.3700,6787886
2021-05-25,28.1900,28.7900,26.5740,26.9700,5821449
