timestamp,open,high,low,close,volume
2021-10-14,4.5300,4.5500,4.4100,4.4700,135276
2021-10-13,4.4400,4.5300,4.4100,4.5200,193191
2021-10-12,4.5200,4.5900,4.4100,4.4500,142580
2021-10-11,4.5300,4.6400,4.5000,4.5200,174915
2021-10-08,4.2900,4.5180,4.2707,4.4600,242510
2021-10-07,4.1400,4.4200,4.1350,4.3300,311134
2021-10-06,3.9300,4.1300,3.9300,4.0800,179012
2021-10-05,3.9400,4.0900,3.9100,3.9900,175204
2021-10-04,3.9500,4.0200,3.8700,3.9400,324011
2021-10-01,4.0600,4.1600,3.7527,4.0200,465743
2021-09-30,4.0000,4.2500,3.9800,4.0200,309894
2021-09-29,4.1100,4.2350,3.9600,3.9700,284232
2021-09-28,4.2600,4.3170,4.1600,4.1700,203008
2021-09-27,4.1100,4.3200,4.0500,4.2600,262693
2021-09-24,4.2000,4.2356,4.1100,4.1100,232290
2021-09-23,4.1500,4.3500,4.1500,4.2500,222512
2021-09-22,4.0500,4.2000,4.0346,4.1500,254423
2021-09-21,3.9300,4.0700,3.9300,4.0000,262122
2021-09-20,4.1500,4.1800,3.9500,3.9600,450283
2021-09-17,4.2000,4.4700,4.2000,4.3200,234407
2021-09-16,4.0900,4.2900,4.0900,4.1900,240096
""
2021-09-15,4.1500,4.2400,4.1100,4.1900,258880
2021-09-14,4.2600,4.3650,4.1600,4.1800,222399
2021-09-13,4.5400,4.5400,4.2700,4.2700,339939
2021-09-10,4.4100,4.5300,4.3700,4.5100,320109
2021-09-09,4.3000,4.4700,4.2301,4.3600,232532
2021-09-08,4.4500,4.4600,4.2100,4.3700,299469
2021-09-07,4.5100,4.5900,4.3000,4.4500,384719
2021-09-03,4.4600,4.5900,4.3500,4.4900,310978
2021-09-02,4.6900,4.7800,4.4200,4.4500,569004
2021-09-01,4.4200,4.7900,4.4200,4.7200,401087
2021-08-31,4.3500,4.5299,4.3200,4.4000,572802
2021-08-30,4.2900,4.5000,4.2500,4.3300,510537
2021-08-27,4.0100,4.3100,3.9200,4.2500,405126
2021-08-26,4.0000,4.0400,3.9800,4.0100,206957
2021-08-25,3.9300,4.0700,3.8650,4.0000,265616
2021-08-24,3.9000,4.0100,3.8800,3.9200,352721
2021-08-23,3.4800,3.8200,3.4300,3.7900,609356
2021-08-20,3.7300,4.0300,3.3300,3.4500,1042797
2021-08-19,3.6900,3.8200,3.5200,3.5800,539263
2021-08-18,3.5000,4.0000,3.4700,3.8800,912117
2021-08-17,3.4200,3.4616,3.3400,3.4200,305866
2021-08-16,3.6500,3.6500,3.3300,3.4000,589013
2021-08-13,3.8000,3.8800,3.7100,3.7100,283549
2021-08-12,4.1300,4.1300,3.7200,3.7900,566973
2021-08-11,4.1800,4.1900,4.0600,4.1000,100197
2021-08-10,4.1100,4.1700,4.0300,4.1700,170962
2021-08-09,4.0000,4.1400,3.8800,4.0400,350179
2021-08-06,4.1100,4.1700,3.9400,4.0000,200595
2021-08-05,4.0500,4.2500,4.0500,4.1300,168078
2021-08-04,4.0000,4.1200,4.0000,4.0700,203687
2021-08-03,4.1800,4.1800,3.9000,4.0400,416414
2021-08-02,4.4300,4.4700,4.2200,4.2200,244885
2021-07-30,4.1500,4.4000,4.0500,4.3700,584646
2021-07-29,4.2600,4.2900,4.1700,4.2400,193587
2021-07-28,4.0000,4.2300,4.0000,4.1700,352776
2021-07-27,4.1900,4.1900,3.8450,3.9700,583226
2021-07-26,4.3200,4.4200,4.1800,4.2900,405587
2021-07-23,4.6300,4.6300,4.3000,4.4100,451546
2021-07-22,4.7500,4.8000,4.5600,4.7000,119437
2021-07-21,4.4600,4.7800,4.4600,4.7500,251530
2021-07-20,4.5900,4.6393,4.4400,4.5200,219191
2021-07-19,4.5100,4.6400,4.3500,4.5800,279390
2021-07-16,4.8600,4.8600,4.6400,4.6700,235069
2021-07-15,4.7400,4.8800,4.7000,4.8800,183562
2021-07-14,5.1000,5.1000,4.7800,4.7800,205020
2021-07-13,4.8300,5.1500,4.8200,5.0700,352474
2021-07-12,4.9100,4.9100,4.7300,4.8700,241155
2021-07-09,4.7100,4.9100,4.7100,4.8800,362993
2021-07-08,4.7900,4.8500,4.6600,4.6900,767352
2021-07-07,5.2300,5.2400,4.9500,4.9900,614345
2021-07-06,5.3000,5.3000,5.0800,5.1900,383895
2021-07-02,5.3300,5.4000,5.1700,5.3000,499468
2021-07-01,5.5700,6.0400,5.3500,5.3600,1187566
2021-06-30,5.3700,5.7600,5.3000,5.5900,857718
2021-06-29,5.4400,5.4900,5.2535,5.3400,249755
2021-06-28,5.3700,5.4900,5.3400,5.4200,254929
2021-06-25,5.4600,5.4900,5.3200,5.3700,180827
2021-06-24,5.3900,5.4100,5.2600,5.3700,261535
2021-06-23,5.1800,5.3500,5.1700,5.3400,372197
2021-06-22,5.1200,5.1800,5.0200,5.1200,268857
2021-06-21,5.1800,5.2300,5.0300,5.1100,344893
2021-06-18,5.1500,5.2500,5.0500,5.1800,408834
2021-06-17,5.2000,5.3200,5.1000,5.1700,559683
2021-06-16,5.3000,5.4400,5.1652,5.2200,360753
2021-06-15,5.5700,5.6700,5.2700,5.3200,522876
2021-06-14,5.5600,5.7000,5.5000,5.6100,290163
2021-06-11,5.4100,5.6500,5.3650,5.5500,495161
2021-06-10,5.5800,5.7499,5.3500,5.3900,353379
2021-06-09,5.9800,6.0450,5.4400,5.5500,777324
2021-06-08,5.4700,5.8600,5.4600,5.7300,710194
2021-06-07,5.3400,5.4200,5.1600,5.3800,519749
2021-06-04,5.3300,5.3500,5.1700,5.2500,425051
2021-06-03,5.2400,5.2666,5.0800,5.2500,481614
2021-06-02,5.5100,5.5579,5.2100,5.4000,1071740
2021-06-01,6.1900,6.1900,5.4569,5.4600,1211968
2021-05-28,5.9700,5.9700,5.6800,5.7500,889343
2021-05-27,6.0200,6.1041,5.7200,5.7500,1024226
2021-05-26,5.5500,6.1200,5.5361,5.9800,782378
2021-05-25,5.4800,5.5850,5.4200,5.4500,256556
