timestamp,open,high,low,close,volume
2021-10-14,650.0000,662.7632,648.5950,653.0300,1326200
2021-10-13,630.0000,641.0750,630.0000,639.4100,1110913
2021-10-12,622.3600,633.0000,620.2400,629.1300,796209
2021-10-11,618.0200,627.3100,612.1400,615.8500,915078
2021-10-08,640.0000,643.6600,616.9200,617.5800,1715776
2021-10-07,636.4300,648.3600,635.4301,637.9200,1021742
2021-10-06,627.3400,635.7600,621.4000,629.3600,1038268
2021-10-05,622.4700,639.5400,622.0000,633.4200,1066290
2021-10-04,635.4000,638.0500,609.4700,617.9700,1173798
2021-10-01,623.7800,635.4100,614.3250,632.8000,1048938
2021-09-30,620.2000,626.9900,618.2400,622.2700,948585
2021-09-29,620.0000,623.8400,607.1800,618.0200,1228611
2021-09-28,633.6700,636.8400,610.0000,612.5200,1988786
2021-09-27,659.8800,660.0000,646.2100,649.5600,902490
2021-09-24,662.1000,667.0000,655.0000,666.3100,499785
2021-09-23,668.0000,670.4900,663.0100,664.2200,871500
2021-09-22,658.0000,665.5000,650.6800,662.6500,816308
2021-09-21,650.0000,657.1800,645.6300,654.2000,755242
2021-09-20,644.3600,650.5800,640.1200,648.7300,957779
2021-09-17,653.3900,657.4600,648.2600,651.0300,1298242
2021-09-16,650.3000,657.1200,644.6800,656.3500,622316
2021-09-15,644.0900,654.1200,637.6700,652.1500,803477
2021-09-14,641.9900,648.5350,640.5900,645.4200,749422
2021-09-13,649.0000,649.0800,630.6700,639.0800,1262255
2021-09-10,653.1100,655.7600,646.7400,647.9800,754323
2021-09-09,655.7800,656.3700,649.0000,650.1900,802363
2021-09-08,660.3100,660.3100,650.6300,653.8000,1112973
2021-09-07,678.6300,679.0000,660.2050,661.0900,1515942
2021-09-03,660.0000,681.0999,659.0500,678.6300,1145953
2021-09-02,654.0000,661.7800,652.3900,660.3100,1354289
2021-09-01,643.6000,652.5600,642.5000,650.8500,936812
2021-08-31,645.0000,647.7000,639.5600,643.6400,1246682
2021-08-30,634.0000,643.2800,633.4850,641.6500,797586
2021-08-27,625.0000,635.6200,624.0450,632.4000,821211
2021-08-26,622.6200,630.2300,621.1000,624.0300,1096318
2021-08-25,623.0000,627.7700,616.6600,621.0700,909747
2021-08-24,620.0000,626.5300,620.0000,621.8500,1016363
2021-08-23,602.0000,621.0000,602.0000,619.4300,1576583
2021-08-20,591.0500,601.4100,588.5700,600.5200,1003469
2021-08-19,579.5000,591.3000,577.7500,586.9200,768344
2021-08-18,580.4700,588.6000,578.4800,581.9500,741882
2021-08-17,579.4500,584.1000,574.3800,582.2400,709843
2021-08-16,586.0000,591.6800,576.3200,580.2200,815780
2021-08-13,579.0400,587.9800,577.5350,587.8300,638161
2021-08-12,569.2700,581.9900,566.9900,581.5700,866644
2021-08-11,578.4400,581.1400,566.5900,570.2000,908220
2021-08-10,588.0000,589.4400,572.7800,575.8000,829638
2021-08-09,589.9500,592.3000,585.2965,587.9600,800932
2021-08-06,594.0000,595.6000,589.4300,590.6800,709248
2021-08-05,595.0000,597.0000,589.3800,595.5000,476191
2021-08-04,585.0000,594.6900,583.1724,593.4700,769733
2021-08-03,584.8900,590.8100,577.3400,584.6600,804883
2021-08-02,587.8900,591.7150,579.0100,584.6700,901287
2021-07-30,579.7100,595.8900,575.9370,587.8900,1566223
2021-07-29,584.6000,608.7800,584.6000,586.4300,2513987
2021-07-28,582.0000,587.0027,576.0100,583.3500,1229170
2021-07-27,584.0000,586.8700,574.6700,582.2900,1462372
2021-07-26,584.8000,584.8500,575.0100,584.2000,1044150
2021-07-23,580.0000,588.4800,577.8200,586.1800,890909
2021-07-22,572.0800,579.4000,570.4500,576.7000,938684
2021-07-21,562.4900,567.1300,558.5400,567.1300,754354
2021-07-20,560.0000,569.1600,554.6100,565.2500,870645
2021-07-19,551.7400,555.3900,545.0000,555.0900,1108368
2021-07-16,561.5200,564.6250,554.9600,556.3600,941000
""
2021-07-15,563.3800,566.7200,554.5500,558.2800,823599
2021-07-14,563.9600,567.3000,558.7800,562.9400,1133811
2021-07-13,561.0000,566.3500,555.0000,559.3300,868393
2021-07-12,570.0000,573.6699,561.2500,561.9300,1279205
2021-07-09,559.7200,567.3300,555.8700,566.3700,976625
2021-07-08,552.7500,562.2899,546.9500,560.4700,942234
2021-07-07,560.9000,563.2600,553.0700,561.7800,1093683
2021-07-06,554.2900,563.7900,552.1901,558.4900,794988
2021-07-02,548.2500,554.7400,547.2033,551.8300,681208
2021-07-01,545.0000,550.1300,539.7450,545.1700,1165808
2021-06-30,556.8900,557.9600,547.6100,549.5500,842319
2021-06-29,555.2400,561.8900,552.5300,558.5900,1048830
2021-06-28,548.0000,552.7100,546.7500,552.1700,815450
2021-06-25,555.2600,555.2600,541.9900,544.9900,1511984
2021-06-24,552.0000,558.7500,550.8100,552.0700,997235
2021-06-23,545.0000,550.9954,542.7300,550.2000,890205
2021-06-22,536.0000,547.0000,535.0000,546.0300,1283473
2021-06-21,531.3200,538.0000,525.0200,534.7500,1123285
2021-06-18,528.8200,537.7200,525.2800,533.7400,2246156
2021-06-17,505.8000,531.0000,505.8000,530.4000,1909364
2021-06-16,507.7000,521.5000,502.1510,510.0800,2030486
2021-06-15,510.5200,512.5500,504.1200,505.4300,1565094
2021-06-14,500.0000,511.1200,498.2201,509.3400,1827665
2021-06-11,490.0000,499.5100,488.0000,498.0100,2080815
2021-06-10,485.7100,490.7899,479.0132,489.1300,3041792
2021-06-09,464.9600,467.6100,460.7200,464.7100,1027759
2021-06-08,463.9700,471.1000,459.4200,460.7600,1074368
2021-06-07,460.0200,462.7400,457.0000,459.4600,1210913
2021-06-04,460.0000,465.3100,458.7200,460.6500,1575455
2021-06-03,464.3100,465.1800,456.0000,459.2000,973258
2021-06-02,464.5700,472.6000,461.9100,467.0100,1032438
2021-06-01,477.6000,477.6400,467.0400,469.1700,1693246
2021-05-28,480.0000,482.0700,470.5500,473.8800,1895608
2021-05-27,480.9700,482.6100,472.6300,479.2200,1727834
2021-05-26,478.8100,487.2700,478.0400,485.4100,1542422
2021-05-25,478.7500,483.6950,476.3700,479.9000,1367515
