timestamp,open,high,low,close,volume
2021-10-14,23.0300,23.5800,22.8500,22.8800,134059
2021-10-13,22.0600,22.8600,22.0100,22.8500,222109
2021-10-12,22.3000,22.4200,21.9750,22.0200,148645
2021-10-11,22.2600,22.9300,22.2000,22.2800,405733
2021-10-08,22.7600,22.7600,22.3600,22.3600,157176
2021-10-07,22.5300,22.9899,22.5300,22.7400,200335
2021-10-06,22.2300,22.4500,22.1500,22.3900,142227
2021-10-05,22.5700,22.7900,22.2300,22.4600,307402
2021-10-04,23.9600,23.9600,22.7100,22.7600,240293
2021-10-01,23.8800,24.0599,23.6000,24.0000,279120
2021-09-30,23.8500,24.1000,23.6800,23.9000,264575
2021-09-29,24.1300,24.1700,23.6200,23.8400,222800
2021-09-28,24.2000,24.3400,23.7600,24.0600,260921
2021-09-27,24.0600,24.7300,23.6600,24.3200,546253
2021-09-24,23.7400,24.1100,23.7000,24.0900,149969
2021-09-23,23.7600,24.1200,23.3700,23.9700,163799
2021-09-22,24.2900,24.4900,23.7100,23.7200,165732
2021-09-21,23.7600,24.4500,23.6136,24.1200,552100
2021-09-20,23.4500,23.6900,23.1600,23.6700,596661
2021-09-17,24.1700,24.1800,23.7100,23.7900,775649
2021-09-16,23.9200,24.3100,23.8500,24.1900,537624
2021-09-15,24.2800,24.4900,23.8800,24.0700,504433
2021-09-14,24.6600,24.8200,24.2700,24.3700,193225
2021-09-13,24.3300,25.0000,23.9700,24.5900,616617
2021-09-10,24.8100,24.9200,24.2800,24.3100,195249
2021-09-09,25.1300,25.4200,24.7600,24.7800,182580
2021-09-08,25.5200,25.5600,25.1900,25.2400,236327
2021-09-07,26.0000,26.3400,25.5300,25.5400,267593
2021-09-03,25.6500,26.0400,25.5600,25.9200,160337
2021-09-02,25.8400,26.0300,25.5900,25.7700,137418
2021-09-01,25.5400,26.1200,25.1900,25.8200,177346
2021-08-31,26.0000,26.1200,25.4200,25.5000,152430
2021-08-30,26.0800,26.3050,25.8737,26.1400,306540
2021-08-27,25.7500,26.2500,25.6600,25.9400,232140
2021-08-26,25.7500,26.0800,25.5700,25.7700,208356
2021-08-25,26.2200,26.3300,25.7700,25.7700,142680
2021-08-24,26.7100,26.8700,26.2200,26.3100,220529
2021-08-23,26.3400,26.6700,25.9200,26.4800,247311
2021-08-20,26.0400,26.2600,25.9000,26.2100,212395
2021-08-19,25.9800,26.2400,25.7600,26.1100,178710
2021-08-18,26.6300,26.6300,26.0000,26.2300,166673
2021-08-17,26.7700,26.8050,26.2900,26.5000,253851
2021-08-16,26.9800,27.0600,26.4300,26.9100,243151
2021-08-13,27.3100,27.4500,27.0800,27.2100,200431
2021-08-12,27.5000,27.8450,26.6050,27.3100,535959
2021-08-11,26.0800,26.1100,25.7200,26.0300,201386
2021-08-10,26.2600,26.2700,25.5300,26.0300,217935
2021-08-09,26.3900,26.8000,26.1150,26.2200,247337
2021-08-06,26.6500,26.6500,26.0500,26.3200,122280
2021-08-05,26.2900,26.7500,26.2000,26.6600,118755
2021-08-04,26.5600,26.8400,26.2600,26.2800,140639
2021-08-03,26.4700,26.9200,26.3400,26.7300,147826
2021-08-02,26.1100,26.3400,25.8700,26.3300,217853
2021-07-30,26.2500,26.4500,25.9500,26.0900,199975
2021-07-29,26.1800,26.5850,26.1700,26.3100,180935
2021-07-28,26.3000,26.6250,26.0700,26.3500,288450
2021-07-27,26.8000,26.9100,25.7000,26.0400,191786
2021-07-26,26.8000,26.8000,25.9700,26.2800,193543
2021-07-23,27.2500,27.2957,26.7400,26.8100,174531
2021-07-22,26.8700,27.2100,26.6900,27.1900,411282
2021-07-21,27.6400,27.7000,26.8500,26.8900,259429
2021-07-20,26.8800,27.9000,26.8800,27.7000,438697
2021-07-19,26.4000,26.9700,26.3200,26.9000,153373
2021-07-16,26.3500,26.9200,26.3500,26.8000,137297
2021-07-15,26.8200,26.8700,26.1500,26.3500,126702
2021-07-14,27.1500,27.2000,26.7900,26.8600,238101
2021-07-13,26.7300,27.2900,26.7000,27.0200,202398
2021-07-12,27.2500,27.3000,26.5000,26.7700,127947
2021-07-09,27.0200,27.3500,26.9000,27.1800,201441
2021-07-08,27.0600,27.0750,26.4600,27.0000,241832
2021-07-07,27.6100,27.6100,26.8500,27.4700,162065
2021-07-06,27.4800,27.6100,27.2100,27.4700,122401
2021-07-02,27.7600,27.8750,27.2000,27.4900,213731
2021-07-01,27.7100,28.1600,27.5700,27.5900,406426
2021-06-30,28.0200,28.0650,27.6800,27.8400,254792
2021-06-29,27.9000,28.0600,27.6400,28.0600,179294
2021-06-28,28.1800,28.2550,27.5100,27.9300,321785
2021-06-25,27.3100,28.1600,27.1500,28.1600,519970
2021-06-24,27.0900,27.9200,26.9000,27.4000,430206
2021-06-23,26.9200,27.2700,26.8800,26.9200,197876
2021-06-22,26.6300,27.1600,26.6300,26.9600,185220
2021-06-21,26.4800,26.9400,25.9800,26.7500,179797
2021-06-18,26.3300,27.1400,26.0500,26.5500,282379
2021-06-17,25.7300,26.6000,25.6100,26.4500,159173
2021-06-16,25.9900,26.2200,25.3100,25.8200,186605
2021-06-15,26.8100,26.8100,25.9700,26.0900,256122
2021-06-14,26.7500,27.0400,26.7000,26.8900,718980
2021-06-11,26.8800,27.0100,26.6400,26.7500,511789
2021-06-10,26.8400,26.9400,26.5901,26.7500,591062
2021-06-09,27.2800,27.2800,26.8700,26.8800,262367
2021-06-08,26.3900,27.7500,26.3100,27.2100,634548
2021-06-07,26.2500,26.3800,26.0300,26.2500,394749
2021-06-04,26.3100,26.5500,26.2100,26.2800,569413
2021-06-03,26.3200,26.4200,25.8400,26.2400,271531
2021-06-02,26.2500,26.5300,26.1500,26.4000,1240669
2021-06-01,26.9400,26.9400,26.0900,26.2600,279373
2021-05-28,26.7700,27.0100,26.6800,26.9400,267877
2021-05-27,26.9200,26.9200,26.3300,26.6800,291398
2021-05-26,26.7400,27.0900,26.7200,27.0300,402220
2021-05-25,26.8700,27.0200,26.4400,26.5100,178640
