timestamp,open,high,low,close,volume
2021-10-14,143.8400,145.4800,143.5400,145.0400,682104
2021-10-13,141.0400,141.8700,140.0800,141.6500,991594
2021-10-12,135.4300,135.6400,134.4700,134.6300,526148
2021-10-11,135.2600,135.8100,134.9300,135.1200,670194
2021-10-08,136.7400,136.7500,135.3600,135.4400,525266
2021-10-07,135.5400,136.9900,135.3900,135.6600,568689
2021-10-06,133.1600,135.7900,132.9800,135.7500,700117
2021-10-05,133.3500,134.0700,133.2300,133.4200,698780
2021-10-04,135.1700,135.2100,133.0900,133.7700,456311
2021-10-01,136.1000,136.1900,133.9550,135.9500,488680
2021-09-30,135.8400,136.2800,134.9500,135.0400,458625
2021-09-29,137.5300,137.7200,136.0700,136.3400,432625
2021-09-28,139.0500,139.1300,137.4550,137.5700,716804
2021-09-27,142.1400,142.5900,141.2700,142.5000,360939
2021-09-24,142.2400,142.7800,141.5500,142.5900,451661
2021-09-23,143.8800,145.0000,143.6700,144.8800,297371
2021-09-22,141.7800,142.5425,141.2300,141.7900,320164
2021-09-21,142.0200,142.8200,141.2000,141.8300,668017
2021-09-20,139.4100,140.3600,138.1200,139.1700,829371
2021-09-17,145.0600,145.1400,142.3900,143.3200,549338
2021-09-16,144.7300,144.9890,143.7600,144.8600,448803
2021-09-15,145.5500,145.6800,143.3000,144.2500,735849
2021-09-14,145.0900,145.5400,144.4700,145.1500,1336305
2021-09-13,145.9300,146.1000,144.6800,145.2700,542058
2021-09-10,146.6700,146.9600,144.9600,145.0700,434374
2021-09-09,146.5200,147.0000,145.4700,145.6800,345922
2021-09-08,147.2600,147.7900,146.6300,146.7300,544757
2021-09-07,150.7200,150.9100,149.6100,149.6200,383317
2021-09-03,148.1600,150.0000,147.7150,149.8300,479165
2021-09-02,149.5700,149.6700,148.8600,148.9800,211539
2021-09-01,150.7800,151.4800,150.0800,150.1100,363470
2021-08-31,150.3600,150.7500,149.3100,150.1400,451016
2021-08-30,148.7900,149.9400,148.5450,149.8800,291041
2021-08-27,147.5500,149.0600,147.4300,148.7200,338146
2021-08-26,147.2600,147.7500,146.8600,147.1300,261116
2021-08-25,147.4300,147.6900,146.8400,146.9800,358269
2021-08-24,147.8500,148.6900,147.6000,148.2300,290088
2021-08-23,147.7300,149.0800,147.1800,148.9500,259349
2021-08-20,147.4300,147.9700,147.1500,147.8400,305883
2021-08-19,145.5600,147.6200,145.5500,147.0200,543116
2021-08-18,148.7100,149.0600,147.5200,147.5800,317196
2021-08-17,147.8000,148.9900,147.6600,148.9200,497000
2021-08-16,147.4500,148.4700,147.0700,147.9300,644227
2021-08-13,147.7700,148.3400,147.4400,148.3000,221384
2021-08-12,146.4200,147.8900,145.8300,147.7500,375586
2021-08-11,146.4500,146.6300,144.9750,145.2400,359483
2021-08-10,147.2600,147.4900,145.1400,145.7500,390449
2021-08-09,146.4000,146.6900,146.0000,146.5600,480554
2021-08-06,146.9600,147.5400,146.3600,146.3700,490375
2021-08-05,148.5300,149.3000,148.4500,148.9400,574237
2021-08-04,145.8800,147.0500,145.6300,146.3900,1003107
2021-08-03,144.5100,145.5600,143.9600,145.5400,742367
2021-08-02,143.0500,144.6100,142.7500,143.3200,382931
2021-07-30,143.3200,144.1700,143.0800,143.7200,709514
2021-07-29,143.6500,144.6500,143.6300,144.3400,498058
2021-07-28,141.6600,143.3300,141.2179,142.9700,642913
2021-07-27,141.6500,141.7700,140.0500,141.4200,829706
2021-07-26,139.0900,139.3400,138.2600,138.6600,685828
2021-07-23,140.0100,140.0600,138.0400,138.7700,821772
2021-07-22,138.3900,140.2700,138.3900,139.3300,847962
2021-07-21,136.3300,140.1900,136.0900,138.8600,2498906
2021-07-20,142.6500,144.5400,142.5200,144.1000,1081386
2021-07-19,144.8300,145.3800,144.2000,144.8100,587086
2021-07-16,148.6100,148.8000,147.3500,147.6500,393333
2021-07-15,148.3200,148.7900,147.3300,147.6900,435064
2021-07-14,150.1800,150.6300,149.1200,150.2000,547121
2021-07-13,148.7700,150.6000,148.7400,149.6000,611482
2021-07-12,148.3800,149.5900,147.8700,148.9600,589093
2021-07-09,146.5300,148.2800,146.2600,148.1100,503772
2021-07-08,144.4400,146.6800,144.3400,146.1100,966222
2021-07-07,147.6900,147.8100,145.7200,147.6900,927036
2021-07-06,142.5500,143.0000,141.0600,141.7100,427777
2021-07-02,140.8400,141.7700,140.6283,141.7200,256545
2021-07-01,140.0800,140.9600,139.7700,140.5100,413322
2021-06-30,141.5200,141.9500,140.1238,140.4600,421776
2021-06-29,142.8800,143.0900,142.2600,142.8300,331947
2021-06-28,141.4200,141.8100,140.8500,141.4700,406405
2021-06-25,140.9400,141.1200,140.0325,140.3600,326771
2021-06-24,141.6600,142.3500,140.9900,141.2300,707834
2021-06-23,140.8600,141.1600,138.6100,138.7100,472215
2021-06-22,140.0500,141.3600,139.7400,141.2400,584086
2021-06-21,140.8200,141.0500,139.7000,140.7800,730458
2021-06-18,140.7100,140.9700,139.6300,140.1800,847110
2021-06-17,140.6400,142.3500,140.6000,141.8100,426564
2021-06-16,144.7250,145.1500,141.9700,142.5200,614957
2021-06-15,146.2000,146.2900,143.7600,144.2200,880223
2021-06-14,145.0000,145.9600,144.5500,145.8400,611705
2021-06-11,142.2900,143.5600,142.2400,143.5100,409268
2021-06-10,140.2100,142.0000,139.9500,141.9500,505768
2021-06-09,140.6400,141.3100,139.8400,139.9700,486823
2021-06-08,142.7300,142.8500,141.2550,141.6700,545285
2021-06-07,140.7900,141.2700,140.5800,140.9100,279834
2021-06-04,139.0600,139.8800,138.7800,139.8800,234361
2021-06-03,137.8900,138.4000,137.4800,137.8400,682736
2021-06-02,138.9600,140.0600,138.9100,139.1400,615762
2021-06-01,141.2000,141.2790,139.5200,140.0300,449289
2021-05-28,140.0000,140.9200,139.8200,139.9300,485438
2021-05-27,139.7100,139.7500,138.3000,138.3500,713748
2021-05-26,141.9100,142.2200,141.0400,141.5500,324747
2021-05-25,141.2400,141.5400,140.5300,140.9800,436175
