timestamp,open,high,low,close,volume
2021-10-14,57.0200,57.7400,56.9900,57.5300,460039
2021-10-13,56.4600,57.2650,55.8731,56.7000,514748
2021-10-12,55.9800,57.3600,55.5000,56.2800,1454032
2021-10-11,55.0500,56.0310,54.6800,54.7200,761386
2021-10-08,56.2300,56.5500,55.0400,55.1800,497010
2021-10-07,55.4000,56.5109,55.3900,55.8200,808294
2021-10-06,54.9500,55.5700,54.1100,55.0800,983345
2021-10-05,56.8900,56.9500,55.0200,55.1500,1201136
2021-10-04,57.6300,58.0800,55.7450,56.4100,1179272
2021-10-01,57.6900,58.1400,56.3500,57.8600,1188622
2021-09-30,57.0000,58.6200,56.5700,57.3500,2205730
2021-09-29,56.1600,56.8500,55.3700,56.5900,958117
2021-09-28,55.0300,55.9800,54.8200,55.5000,917710
2021-09-27,55.1300,55.9000,54.8900,55.6500,853708
2021-09-24,54.1800,56.0000,54.1000,55.4000,761094
2021-09-23,53.2600,54.2350,53.0000,54.1800,591031
2021-09-22,52.2100,53.7900,52.1150,52.9400,630097
2021-09-21,53.4000,53.6100,51.3300,52.1300,1139749
2021-09-20,51.7000,53.5700,51.1300,52.9900,1740587
2021-09-17,51.0000,51.3900,50.1200,50.6100,1593781
2021-09-16,50.8000,51.9600,50.5226,51.2600,617963
2021-09-15,50.0800,51.4650,49.8400,51.1800,892117
2021-09-14,50.2700,50.7600,49.3250,50.0900,1366235
2021-09-13,51.1200,51.3300,49.5700,50.4600,1498950
2021-09-10,57.3400,57.3400,50.6700,51.1100,3480429
2021-09-09,55.7700,58.2000,55.3000,56.3800,961993
2021-09-08,55.8500,56.0600,54.5200,55.7000,827653
2021-09-07,56.8300,57.2567,55.9200,56.1400,599612
2021-09-03,56.7300,58.0000,56.7300,57.0400,530756
2021-09-02,55.6700,58.2100,55.5500,56.9000,1221236
2021-09-01,54.6900,55.4200,54.5000,54.6600,927278
2021-08-31,53.9800,55.2300,53.7600,54.6900,1244123
2021-08-30,54.2300,54.8400,53.6801,53.8000,443521
2021-08-27,52.8000,54.3000,52.8000,54.2400,714076
2021-08-26,53.9400,54.6600,52.7200,52.8300,781393
2021-08-25,53.6300,54.1600,53.4700,53.9100,604445
2021-08-24,53.2100,53.9800,53.0900,53.2800,661843
2021-08-23,53.0500,53.8600,52.5300,52.8300,753398
2021-08-20,51.0600,52.5950,51.0000,52.4100,957185
2021-08-19,51.1900,51.8400,50.7500,51.0200,730917
2021-08-18,52.9000,53.7000,51.8400,51.8800,569608
2021-08-17,54.0000,54.7900,52.8100,53.1000,931518
2021-08-16,54.7200,55.0400,53.0600,54.4000,798841
2021-08-13,52.5500,55.3000,52.5400,55.1300,1880196
2021-08-12,51.8100,52.7200,51.5600,52.5500,657411
2021-08-11,51.2200,51.9900,50.3500,51.7200,719779
2021-08-10,49.4600,51.4500,48.9800,51.3400,1181597
2021-08-09,48.2900,49.1600,47.6100,48.9700,726059
2021-08-06,52.6400,53.8500,47.7000,48.2900,1698344
2021-08-05,50.0400,50.8500,49.5100,50.6400,815126
2021-08-04,50.5000,51.3300,49.7400,49.8500,575948
2021-08-03,49.6700,51.5800,49.2500,51.3200,1177963
2021-08-02,50.0200,50.8600,49.1150,49.9500,1120190
2021-07-30,49.3800,50.5100,49.3800,49.6600,472996
2021-07-29,50.7000,50.9600,49.8900,49.9300,585828
2021-07-28,50.3000,50.7850,49.9600,50.4500,591235
2021-07-27,50.3100,50.4100,49.2700,50.1700,1017196
2021-07-26,49.6900,50.8800,49.3900,50.5700,645725
2021-07-23,49.0900,49.4592,48.5000,49.2500,553532
2021-07-22,48.2700,49.3050,48.0900,49.0500,757417
2021-07-21,46.8400,48.6700,46.6100,48.4700,656639
2021-07-20,45.2800,47.3500,45.2800,46.7100,671568
2021-07-19,43.0900,45.3500,43.0200,45.3100,1031025
2021-07-16,47.5900,47.7800,43.6800,44.0900,1693376
2021-07-15,46.8300,47.3400,46.3300,47.1200,632783
2021-07-14,48.5100,48.5100,46.5600,47.0200,758068
2021-07-13,48.1100,48.4250,47.3600,47.7700,532375
2021-07-12,49.0000,49.0400,48.2000,48.2200,674479
2021-07-09,48.3000,49.5700,47.9750,49.4100,696886
2021-07-08,47.0800,48.3900,45.4100,48.1200,840752
2021-07-07,48.5300,49.3800,47.4200,48.7600,764550
2021-07-06,49.6800,49.6900,47.7300,47.7700,1228742
2021-07-02,49.1600,49.4400,47.9200,49.1600,736123
2021-07-01,49.8200,50.4000,49.0400,49.0900,1109083
2021-06-30,50.3600,50.7000,49.8400,49.9700,602220
2021-06-29,51.0000,51.0960,50.1000,50.7400,533050
2021-06-28,51.5000,52.0000,50.5600,50.8100,662540
2021-06-25,50.2500,51.3700,49.7500,51.2200,1401093
2021-06-24,49.6100,50.4800,48.5700,50.2800,802452
2021-06-23,47.0000,49.2500,46.6300,48.9600,1090156
2021-06-22,45.1300,47.6300,44.5900,46.8400,2505949
2021-06-21,44.9900,45.6073,44.7800,45.0000,740879
2021-06-18,46.3900,46.7200,44.2950,44.8400,1342665
2021-06-17,46.4500,46.9200,45.9200,46.6500,376763
2021-06-16,46.3500,47.2100,46.1000,46.8900,597298
2021-06-15,47.0500,47.0800,46.1000,46.7200,998961
2021-06-14,47.8000,48.0000,46.6450,47.0500,667344
2021-06-11,47.7100,47.9200,47.5300,47.7500,416149
2021-06-10,47.8500,48.3382,47.4800,47.7400,549592
2021-06-09,49.0900,49.2400,47.7400,47.7500,515848
2021-06-08,49.7700,50.7200,49.1200,49.1400,663301
2021-06-07,48.4300,50.1800,47.9200,50.1300,902604
2021-06-04,49.1700,49.3600,48.2200,48.7200,527247
2021-06-03,49.3300,49.7300,48.3500,48.9000,532846
2021-06-02,48.7900,50.9950,48.5900,50.1900,1297374
2021-06-01,48.2400,48.6550,47.2400,48.5500,677857
2021-05-28,48.8700,48.8700,47.7000,47.8700,443258
2021-05-27,46.2600,48.6200,46.2600,48.6100,892932
2021-05-26,47.0300,47.6800,46.4700,46.4700,686134
2021-05-25,46.8800,47.5000,46.2600,46.5600,1316592
