timestamp,open,high,low,close,volume
2021-10-11,15.9900,15.9900,15.9900,15.9900,0
2021-10-08,15.9900,15.9900,15.9900,15.9900,0
2021-10-07,15.9800,16.0000,15.9800,15.9900,13303513
2021-10-06,15.9800,15.9900,15.9800,15.9800,1455852
2021-10-05,15.9800,15.9900,15.9800,15.9900,3791153
2021-10-04,15.9700,15.9900,15.9700,15.9800,4847350
2021-10-01,15.9800,15.9900,15.9700,15.9900,2113468
2021-09-30,15.9700,15.9900,15.9600,15.9700,7146792
2021-09-29,15.9700,15.9900,15.9600,15.9800,11539256
2021-09-28,15.9100,15.9100,15.8850,15.9000,1787848
2021-09-27,15.9100,15.9300,15.8900,15.9000,2313486
2021-09-24,15.9000,15.9200,15.9000,15.9200,1006851
2021-09-23,15.9300,15.9300,15.9000,15.9100,1157308
2021-09-22,15.9000,15.9300,15.9000,15.9000,2339343
2021-09-21,15.9300,15.9400,15.8100,15.9100,15203961
2021-09-20,15.9200,15.9400,15.9200,15.9200,3740429
2021-09-17,15.9300,15.9500,15.9300,15.9400,4035635
2021-09-16,15.9300,15.9500,15.9200,15.9500,3233282
2021-09-15,15.9200,15.9300,15.9200,15.9300,3337129
2021-09-14,15.9300,15.9400,15.9200,15.9300,2829585
2021-09-13,15.9300,15.9400,15.9200,15.9400,2292379
2021-09-10,15.9400,15.9400,15.9100,15.9200,2912632
2021-09-09,15.9400,15.9400,15.9100,15.9300,2588265
2021-09-08,15.9300,15.9500,15.9100,15.9300,2568868
2021-09-07,15.9400,15.9550,15.9300,15.9500,2698932
2021-09-03,15.9400,15.9550,15.9100,15.9500,7922825
2021-09-02,15.9300,15.9500,15.9300,15.9300,1824248
2021-09-01,15.9300,15.9500,15.9300,15.9300,3001808
2021-08-31,15.9300,15.9500,15.9200,15.9300,2575357
""
2021-08-30,15.9400,15.9500,15.9200,15.9200,5445358
2021-08-27,15.9300,15.9600,15.9300,15.9500,1301174
2021-08-26,15.9300,15.9500,15.9300,15.9300,1571838
2021-08-25,15.9300,15.9600,15.9300,15.9300,1753555
2021-08-24,15.9400,15.9600,15.9300,15.9300,3939802
2021-08-23,15.9300,15.9500,15.9300,15.9400,4799181
2021-08-20,15.9400,15.9500,15.9300,15.9400,2396961
2021-08-19,15.9300,15.9500,15.9300,15.9400,4002312
2021-08-18,15.9300,15.9500,15.9200,15.9300,4069607
2021-08-17,15.9200,15.9450,15.9000,15.9200,7385929
2021-08-16,15.8900,15.9000,15.8700,15.8700,2478642
2021-08-13,15.8700,15.9000,15.8700,15.8900,1337866
2021-08-12,15.8700,15.9000,15.8700,15.8900,1497510
2021-08-11,15.9000,15.9200,15.8600,15.8800,2132400
2021-08-10,15.8800,15.8900,15.8600,15.8600,2900538
2021-08-09,15.8600,15.8900,15.8500,15.8800,1727796
2021-08-06,15.8700,15.9100,15.8500,15.8500,2285865
2021-08-05,15.8000,15.9000,15.8000,15.9000,4065508
2021-08-04,15.8500,15.8700,15.7500,15.8300,7681109
2021-08-03,15.8600,15.8800,15.8500,15.8600,1573510
2021-08-02,15.8800,15.8800,15.8400,15.8700,1217162
2021-07-30,15.8300,15.8700,15.8250,15.8700,2946222
2021-07-29,15.8600,15.8950,15.8300,15.8400,2310906
2021-07-28,15.8400,15.8800,15.8400,15.8500,2380976
2021-07-27,15.8600,15.8700,15.8200,15.8400,8240224
2021-07-26,15.8300,15.8700,15.8100,15.8600,3527921
2021-07-23,15.7900,15.8300,15.7800,15.8200,2418535
2021-07-22,15.8400,15.8700,15.7900,15.8100,3521590
2021-07-21,15.7500,15.8500,15.7500,15.8000,4607534
2021-07-20,15.7300,15.8200,15.7300,15.7500,5064705
2021-07-19,15.7000,15.8100,15.7000,15.7400,5685653
2021-07-16,15.7500,15.8000,15.7000,15.8000,3789685
2021-07-15,15.6600,15.7500,15.6100,15.7200,4432218
2021-07-14,15.5900,15.6950,15.5800,15.6700,5500001
2021-07-13,15.6200,15.6500,15.5400,15.5500,8871855
2021-07-12,15.6500,15.7450,15.5800,15.5800,5445260
2021-07-09,15.6300,15.7000,15.6100,15.6700,3183664
2021-07-08,15.7000,15.7400,15.6101,15.6900,6936183
2021-07-07,15.7700,15.7700,15.5600,15.7400,18833467
2021-07-06,15.8500,16.1300,15.8100,16.0000,11822940
2021-07-02,15.7800,15.9000,15.7600,15.8500,9916976
2021-07-01,15.7900,15.8500,15.7500,15.7800,6985249
2021-06-30,15.7600,15.9500,15.7500,15.8600,11862560
2021-06-29,15.7600,15.7900,15.7500,15.7900,7083161
2021-06-28,15.7700,15.7900,15.7500,15.7900,4343948
2021-06-25,15.7700,15.7900,15.7500,15.7700,6705612
2021-06-24,15.7900,15.7900,15.7500,15.7600,2319053
2021-06-23,15.7600,15.8300,15.7500,15.7700,3452093
2021-06-22,15.7500,15.8100,15.7400,15.7700,5682662
2021-06-21,15.7600,15.8000,15.7000,15.7500,7688759
2021-06-18,15.7500,15.9500,15.7300,15.7300,18966232
2021-06-17,15.7600,15.8000,15.7500,15.7700,6832688
2021-06-16,15.7600,15.8000,15.7500,15.7800,6880352
2021-06-15,15.7900,15.8200,15.7500,15.7700,6983145
2021-06-14,15.8000,15.8550,15.7700,15.7900,7303750
2021-06-11,15.8100,15.8400,15.7900,15.8000,3599065
2021-06-10,15.8400,15.8800,15.7900,15.8100,4813558
2021-06-09,15.8500,15.9000,15.8300,15.8400,7288235
2021-06-08,15.8500,15.9400,15.8300,15.8600,6881601
""
2021-06-07,15.8200,15.9250,15.7900,15.8700,6229598
2021-06-04,15.8500,15.8900,15.8100,15.8400,6977309
2021-06-03,15.8000,15.8800,15.7900,15.8800,14889845
2021-06-02,15.8900,15.9250,15.7800,15.8200,21584978
2021-06-01,15.9300,15.9800,15.8700,15.9300,71330615
2021-05-28,12.9500,13.1200,12.8400,12.8600,2310845
2021-05-27,12.7200,13.0000,12.6500,12.8600,2078680
2021-05-26,12.7000,12.9150,12.6900,12.8300,1881760
2021-05-25,12.6700,12.7200,12.5450,12.5600,2057218
2021-05-24,12.4400,12.6400,12.3800,12.6100,1754099
2021-05-21,12.4100,12.6750,12.3350,12.4300,1915344
2021-05-20,12.1700,12.3900,12.1400,12.3200,2082978
