timestamp,open,high,low,close,volume
2021-10-14,120.6300,123.3300,120.4200,122.3600,1751775
2021-10-13,119.7600,119.9900,117.5300,119.3100,2122265
2021-10-12,118.9500,120.5250,117.9500,119.2700,2657571
2021-10-11,118.5700,120.1200,118.1200,118.3000,599413
2021-10-08,119.4000,119.6250,117.9200,119.1400,2351578
2021-10-07,119.3500,120.8000,119.1850,119.7700,1423332
2021-10-06,115.9200,118.3500,115.7500,118.1300,2262539
2021-10-05,114.9200,118.4500,114.8900,117.3300,1658951
2021-10-04,117.7300,118.5000,114.3200,114.5000,3020600
2021-10-01,117.3600,118.5700,116.1200,117.9200,1419339
2021-09-30,117.9100,118.8800,116.6200,116.6200,1717546
2021-09-29,117.2100,117.9500,116.1200,117.0300,2141146
2021-09-28,121.3000,121.3399,114.6300,116.4700,3406054
2021-09-27,124.0200,124.3200,121.6600,122.6600,1253458
2021-09-24,123.5300,124.8500,123.3200,124.5700,1096896
2021-09-23,123.0100,125.2300,122.9500,124.2000,2790405
2021-09-22,122.5100,122.9600,120.9500,122.3700,2823956
2021-09-21,122.0000,122.3800,120.9900,121.8100,1871116
2021-09-20,120.2200,121.3400,119.3756,121.2500,1817151
2021-09-17,123.2600,123.4150,121.1800,121.7300,5880606
2021-09-16,123.3700,124.1300,122.8700,123.7800,2234562
2021-09-15,123.5000,123.8400,122.4300,123.3900,1874006
2021-09-14,123.5000,124.6300,123.0400,123.3900,1922898
2021-09-13,121.7900,124.0000,119.5700,123.1100,4009923
2021-09-10,121.3800,122.2400,120.1250,120.8200,2457630
2021-09-09,120.9800,122.0300,119.5600,119.8500,2501957
2021-09-08,120.3500,121.6200,120.0600,120.6100,2918774
2021-09-07,122.1100,122.6350,120.1000,120.1400,2084992
2021-09-03,121.6600,123.2010,121.6600,122.2400,1431372
2021-09-02,122.6300,123.6200,121.4000,121.8600,2249571
2021-09-01,121.0300,122.8200,120.6000,122.2400,1907159
2021-08-31,120.6700,121.5100,120.4100,120.6000,1525461
2021-08-30,119.4500,121.4812,119.4400,120.8300,1682246
2021-08-27,119.7300,120.2000,118.8050,119.3300,1081491
2021-08-26,118.8700,119.4600,118.1000,119.0600,1541936
2021-08-25,118.6200,119.2298,118.0900,119.0000,958490
2021-08-24,119.3400,119.7900,118.8900,119.0100,1368221
2021-08-23,118.3200,119.7650,118.3200,119.2100,2296451
2021-08-20,116.9000,118.5500,116.6100,118.1000,1485542
2021-08-19,114.7200,117.3200,113.7800,117.1900,2215067
2021-08-18,119.3900,119.8400,115.4900,115.5700,2038901
2021-08-17,120.1100,120.3600,119.1200,119.8800,1729902
2021-08-16,119.2500,120.4200,118.7000,120.3200,1822102
2021-08-13,118.7700,120.0300,118.5800,119.5400,1097836
2021-08-12,117.6500,118.7200,117.4000,118.6800,755913
2021-08-11,118.1300,118.7500,117.2800,117.8700,1210506
2021-08-10,118.3000,118.6300,117.7100,118.0200,1593824
2021-08-09,119.8900,119.8900,117.6100,117.9200,2825757
2021-08-06,119.3900,119.7900,118.6000,119.6100,2369114
2021-08-05,118.5000,120.6400,118.0000,119.4200,2778563
2021-08-04,117.5300,118.7700,116.1500,117.9300,4318652
2021-08-03,118.1700,118.5400,116.9000,117.9000,2366202
2021-08-02,117.0700,119.0700,117.0200,117.9800,3393724
2021-07-30,114.8000,117.3900,114.8000,116.8400,4150208
2021-07-29,113.4600,116.5400,113.2200,115.3300,3183770
2021-07-28,113.3000,114.2000,111.6600,112.3200,2834681
2021-07-27,113.7000,114.3600,111.9200,113.2800,2945530
2021-07-26,115.0300,115.4300,112.5300,113.9400,1560247
2021-07-23,115.9200,116.5800,115.2100,115.4400,2034525
2021-07-22,115.3400,115.8900,114.7869,115.5500,1822194
2021-07-21,115.0500,116.0900,114.9850,115.1500,1747156
2021-07-20,113.0400,115.7300,112.9100,114.8700,1642253
2021-07-19,113.2100,114.2500,112.0400,112.8900,3249870
2021-07-16,113.4300,114.4000,113.3300,114.0600,1416403
2021-07-15,112.1600,113.5300,112.1100,113.3200,2858670
2021-07-14,111.8400,112.6500,111.3100,112.3000,1894188
2021-07-13,112.5600,112.5950,111.3600,111.6600,3443100
2021-07-12,113.3800,114.0200,111.7900,112.4600,3430793
2021-07-09,114.9000,114.9000,112.3350,113.5200,2004689
2021-07-08,114.1900,114.9500,113.7300,114.1000,2497915
2021-07-07,114.3200,115.4800,113.8598,115.3300,1173709
2021-07-06,113.7800,114.4300,112.5800,114.1100,3570930
2021-07-02,113.5400,114.0000,113.0350,113.7200,1447295
2021-07-01,113.2400,113.7300,112.8500,113.2300,1613606
2021-06-30,112.6800,113.0200,112.2900,112.6600,2774567
2021-06-29,110.9000,113.1500,110.3300,112.7000,4075618
2021-06-28,113.8100,114.0800,112.7900,112.9600,1580687
2021-06-25,113.2800,113.9800,112.3400,113.3100,8013469
2021-06-24,111.5900,113.7600,111.4100,113.3700,2182460
2021-06-23,111.1500,111.7800,110.4400,110.4700,2110057
2021-06-22,110.1400,111.8200,109.9500,111.7100,1928952
2021-06-21,108.8200,110.5100,107.7200,110.2600,2468422
2021-06-18,109.4200,110.3900,107.7600,108.1900,2718970
2021-06-17,108.4800,110.9600,108.4800,110.7800,2277158
2021-06-16,109.6600,110.5100,108.1700,108.5200,2422756
2021-06-15,110.2700,110.5300,109.4200,109.5300,2681179
2021-06-14,108.2100,109.8500,108.0100,109.8500,2285448
2021-06-11,107.6700,108.9200,107.5800,108.8100,1827642
2021-06-10,106.8300,107.4900,106.1800,107.2900,1662063
2021-06-09,107.0000,107.3600,106.7100,106.7400,1072735
2021-06-08,106.1100,106.7500,105.3280,106.5300,2446479
2021-06-07,107.0100,107.0900,105.6850,105.8800,1390556
2021-06-04,106.1500,107.2700,105.8200,106.9000,1914599
2021-06-03,104.7400,106.1400,104.1700,105.6200,2609254
2021-06-02,104.0100,105.8300,103.8200,105.4600,2304998
2021-06-01,106.0800,106.4400,103.7500,103.9700,2162265
2021-05-28,106.1700,106.3800,105.2800,105.3100,1594417
2021-05-27,105.1300,106.2700,104.7700,105.6100,2087312
2021-05-26,105.0200,105.7700,104.6800,104.9600,1399746
2021-05-25,105.3400,105.9300,104.9400,104.9900,1892407
