timestamp,open,high,low,close,volume
2021-10-14,303.2300,310.5500,303.2300,308.2900,871228
2021-10-13,288.0600,299.8100,288.0600,299.0000,1071641
2021-10-12,285.9700,289.3700,284.2000,286.0000,486705
2021-10-11,285.9000,287.5000,283.2300,284.2000,576498
2021-10-08,289.2500,289.6500,283.7100,286.5000,798338
2021-10-07,284.0700,290.6000,283.6350,288.0000,677509
2021-10-06,279.6200,284.2700,278.0400,282.2500,526309
2021-10-05,279.6700,282.8800,279.6700,280.0000,578627
2021-10-04,285.4200,285.4200,275.8500,279.5600,722557
2021-10-01,288.5700,288.6000,281.4100,287.2800,416297
2021-09-30,284.0000,289.4800,284.0000,288.1700,955669
2021-09-29,287.8000,289.0000,282.5500,282.9400,699961
2021-09-28,289.8200,290.7800,284.2100,285.1200,623058
2021-09-27,296.3800,296.9989,290.6800,294.9200,911279
2021-09-24,298.5500,299.9400,295.2400,299.9300,410495
2021-09-23,299.1000,301.2700,296.6100,298.7000,571792
2021-09-22,300.0000,300.0000,296.8900,297.4500,719082
2021-09-21,298.9200,300.8000,297.4000,298.6400,336793
2021-09-20,298.6700,302.0000,293.2714,297.3500,559441
2021-09-17,304.9800,307.0500,301.4900,302.1400,1935292
2021-09-16,298.5500,305.0500,298.5500,305.0000,881852
2021-09-15,299.4400,301.4600,296.7400,299.7400,545143
2021-09-14,299.5200,300.7500,297.2500,299.0100,476366
2021-09-13,304.1900,304.1900,297.1200,298.9800,675036
2021-09-10,306.5000,307.9599,302.3200,302.8200,813153
2021-09-09,306.9700,310.8300,305.8500,306.1300,629161
2021-09-08,308.9300,313.6800,306.6000,307.2500,846967
2021-09-07,316.4600,317.5200,308.1600,309.7200,1032539
2021-09-03,315.9400,318.9950,313.2100,317.6400,1192956
2021-09-02,313.8900,316.7700,306.5400,315.9400,3697186
2021-09-01,333.5600,336.1300,328.6700,333.8200,1068519
2021-08-31,333.9100,334.3700,329.3400,331.9800,693717
2021-08-30,330.6800,336.5200,330.6800,332.6500,436656
2021-08-27,325.6900,332.8300,323.1300,330.4200,695614
2021-08-26,327.0000,331.5500,324.2850,324.5600,421774
2021-08-25,322.3500,326.7800,321.0000,326.0200,775934
2021-08-24,323.2600,326.9800,321.2700,321.8300,694752
2021-08-23,321.7800,323.7500,320.1704,322.4400,779736
2021-08-20,320.7000,322.8700,317.5200,320.7200,728822
2021-08-19,315.5900,321.7400,315.5900,317.8900,1066535
2021-08-18,318.2000,320.4300,316.6500,316.6500,587322
2021-08-17,317.3800,319.8250,315.3250,318.1300,604802
2021-08-16,322.3800,322.7500,317.7500,319.2200,770501
2021-08-13,320.2800,322.5500,317.5600,321.8000,774336
2021-08-12,319.7300,325.3200,318.8700,320.5000,588292
2021-08-11,322.0000,322.9500,313.8900,319.0900,1308486
2021-08-10,333.8900,333.9300,319.4950,319.8500,1588429
2021-08-09,339.9500,339.9500,332.0100,332.3400,887204
2021-08-06,340.2300,342.3000,336.2700,338.8200,322135
2021-08-05,341.8800,343.9600,339.4700,341.0000,370074
2021-08-04,338.1500,341.9400,335.7900,340.9800,615530
2021-08-03,334.1600,338.6900,332.3728,338.0500,392307
2021-08-02,333.7300,334.7500,328.0000,332.7800,411799
2021-07-30,327.5000,334.3400,326.9500,332.7100,374612
2021-07-29,330.6700,335.0000,329.3100,332.6100,268857
2021-07-28,326.5000,333.6000,326.5000,332.1000,402430
2021-07-27,327.3600,328.6100,322.2500,326.4300,362573
2021-07-26,334.1000,334.1000,327.4400,328.3800,342072
2021-07-23,328.5400,333.5618,326.9100,333.0600,438582
2021-07-22,325.2100,329.0100,324.0300,328.0700,299046
2021-07-21,327.5600,329.0702,320.2500,323.8700,489260
2021-07-20,318.6400,327.1000,316.4250,323.9600,837296
2021-07-19,313.0400,318.7348,310.7950,317.6900,469626
2021-07-16,314.7100,317.2800,312.9200,315.4000,354133
2021-07-15,314.8100,315.0000,309.6000,312.9200,520593
2021-07-14,323.5400,324.1100,314.9500,315.1600,436308
2021-07-13,322.0000,323.6700,319.8000,320.0500,423164
2021-07-12,325.0000,326.8900,318.8400,321.8700,493121
2021-07-09,319.0700,321.8100,317.3600,321.4100,307637
2021-07-08,318.5800,322.5700,316.0100,320.4000,423407
2021-07-07,322.0000,325.3100,319.0000,324.9600,696316
2021-07-06,316.9100,321.6600,316.1400,320.5600,508762
2021-07-02,314.6800,317.5500,313.8000,316.1200,332002
2021-07-01,310.0000,313.9500,308.8000,313.6400,447213
2021-06-30,319.5400,319.5400,310.9400,310.9500,573835
2021-06-29,319.0900,322.4200,317.5300,320.1300,554916
2021-06-28,314.7500,321.1200,313.0200,318.7500,641987
2021-06-25,312.5800,314.0350,310.2826,312.4400,750718
2021-06-24,311.1200,314.7500,311.0100,312.0000,520352
2021-06-23,311.6700,313.6700,310.6200,311.1200,447778
2021-06-22,307.0900,312.6900,304.8609,312.2200,646071
2021-06-21,306.7000,311.8800,300.2508,308.2600,685337
2021-06-18,303.4200,310.4300,303.4200,306.7000,1139449
2021-06-17,296.2900,307.6200,296.2900,305.3600,620442
2021-06-16,299.3500,301.3000,294.4900,297.9000,768476
2021-06-15,303.9000,304.6200,299.0300,300.2200,444922
2021-06-14,299.2100,305.9700,298.9600,303.9000,586727
2021-06-11,294.9100,299.5100,294.0250,299.2100,661573
2021-06-10,289.0000,295.7800,288.2000,294.9800,582059
2021-06-09,294.5900,295.8801,290.0700,290.6400,519396
2021-06-08,294.9100,296.9500,291.8900,292.4900,586515
2021-06-07,288.7900,295.1300,288.5700,291.4500,606033
2021-06-04,286.9500,289.8100,283.2400,288.2900,699098
2021-06-03,288.1800,291.2600,284.2800,285.1400,631658
2021-06-02,280.0000,291.7200,280.0000,290.3800,962043
2021-06-01,287.7300,290.8800,280.2200,285.5100,942497
2021-05-28,288.5500,302.0000,288.0000,291.3400,2512120
2021-05-27,264.4500,268.6000,260.7400,264.6500,1188064
2021-05-26,267.1000,268.9400,264.2350,267.6100,897578
2021-05-25,264.9700,266.0400,262.4100,264.6600,557364
