timestamp,open,high,low,close,volume
2021-10-14,351.1000,362.2900,351.1000,357.4600,2332280
2021-10-13,330.0000,346.9900,329.8800,345.7600,1736134
2021-10-12,322.8500,329.0000,321.0200,326.6300,1067907
2021-10-11,317.8700,327.2400,315.9501,320.7200,813052
2021-10-08,328.7500,331.5700,318.7300,320.6000,1450684
2021-10-07,321.0000,328.8500,319.0600,324.1700,1378717
2021-10-06,315.8100,325.2400,314.1300,316.8800,2239770
2021-10-05,312.3800,323.6154,312.3800,320.2300,1701575
2021-10-04,320.5700,322.0800,306.2500,313.2200,2018557
2021-10-01,319.7500,326.4500,318.2100,324.3300,1566680
2021-09-30,315.4000,321.1400,311.1800,319.0500,1912163
2021-09-29,326.2000,328.4500,311.8050,312.8000,2526775
2021-09-28,339.7500,343.2097,321.9500,322.1500,2854688
2021-09-27,338.4600,345.4100,338.4600,345.1200,1307696
2021-09-24,346.3900,347.4600,336.3600,343.2100,1211034
2021-09-23,351.8800,352.3582,344.8000,348.9900,972524
2021-09-22,341.9200,349.9200,340.2232,349.0000,1435450
2021-09-21,345.2500,349.4000,341.5054,344.1000,1585846
2021-09-20,338.0000,348.2899,333.2800,337.8600,2078857
2021-09-17,348.1000,352.9900,343.1800,352.8700,2568459
2021-09-16,340.6900,346.2500,335.7914,345.8000,1549850
2021-09-15,336.0900,342.3500,331.7101,342.0200,1308119
2021-09-14,338.0100,343.8000,335.0000,337.0000,974937
2021-09-13,342.3200,345.4600,330.5400,336.0100,1698821
2021-09-10,351.1600,352.4400,342.3200,342.3700,1602928
2021-09-09,349.9200,357.7000,347.5400,352.6300,882674
2021-09-08,358.3300,359.7500,344.2750,352.7100,2466081
2021-09-07,365.9900,368.5341,355.2200,359.5700,1698143
2021-09-03,356.5000,369.3500,356.4400,367.2300,940341
2021-09-02,364.0600,364.2700,356.0501,358.8000,677676
2021-09-01,356.8300,364.4100,356.7500,359.3100,810917
2021-08-31,363.4600,363.5900,356.0332,356.9600,1280136
2021-08-30,364.4500,371.5100,362.9400,366.6800,1370290
2021-08-27,355.0300,361.2900,350.7800,361.2500,1064267
2021-08-26,355.6500,360.5599,353.3400,354.1300,916409
2021-08-25,356.9400,360.4800,353.1800,355.3000,799933
2021-08-24,352.0200,356.9800,351.0000,356.0000,1201094
2021-08-23,344.4200,350.2100,342.3000,349.1200,971923
2021-08-20,341.3900,345.0000,339.4400,340.9300,988396
2021-08-19,334.2500,347.7300,331.7378,341.2700,1471991
2021-08-18,342.4300,346.7600,338.7700,338.9900,914340
2021-08-17,344.0000,346.9799,337.5000,344.5600,1390240
2021-08-16,360.5800,361.3399,342.2800,346.6100,2326381
2021-08-13,367.7500,369.3599,363.0000,364.9400,953109
2021-08-12,355.9300,370.5000,353.5500,368.2900,1643934
2021-08-11,368.4500,369.1900,353.1700,355.9600,1345748
2021-08-10,378.4300,382.7500,364.5000,366.6900,859147
2021-08-09,374.3400,378.1200,368.5101,376.0200,835583
2021-08-06,376.6700,380.9179,367.7400,371.9000,976497
2021-08-05,370.0200,379.6800,368.0164,377.0800,1029453
2021-08-04,368.7900,376.8300,365.8600,374.5100,1211709
2021-08-03,376.3800,378.2800,363.0000,370.2600,1617616
2021-08-02,375.0000,384.4800,366.0800,379.5500,1581289
2021-07-30,381.9400,382.8800,370.3600,373.5900,2901654
2021-07-29,393.7400,399.4800,389.2000,392.2000,1354920
2021-07-28,388.0700,397.5200,386.2400,394.0000,970664
2021-07-27,398.4700,398.6250,378.3100,387.4800,1491435
2021-07-26,407.2300,407.8900,395.5800,398.2500,1502531
2021-07-23,406.3500,412.6800,404.3700,409.8400,1013964
2021-07-22,395.0700,409.0700,394.7000,405.5100,1520986
2021-07-21,388.9800,395.6400,384.3000,393.9000,1152433
2021-07-20,382.9500,394.2000,375.1400,390.2200,1426243
2021-07-19,364.1800,382.8500,362.7800,379.0600,1231303
2021-07-16,369.0000,380.4510,366.7800,374.9800,1352774
2021-07-15,372.4500,376.5000,361.2800,366.2700,1541307
2021-07-14,392.8500,395.7100,374.0200,375.3500,1477152
2021-07-13,392.0000,399.8500,386.8300,389.2600,1364297
2021-07-12,399.0000,403.3100,388.5801,393.4100,1309686
2021-07-09,384.2700,393.0000,380.6350,392.2700,1086589
2021-07-08,379.4200,387.1700,375.6100,384.8500,1056940
2021-07-07,398.5100,401.4492,387.5491,388.8500,1012543
2021-07-06,386.0800,400.3300,386.0800,394.3900,1146295
2021-07-02,390.7900,395.1350,385.3712,388.6800,826928
2021-07-01,396.0000,396.6000,380.6600,387.0000,1693205
2021-06-30,400.1800,400.1800,390.8000,394.1600,1643696
2021-06-29,394.0000,403.4050,391.1266,400.1800,1531950
2021-06-28,389.4200,397.7582,387.6400,394.1200,1573464
2021-06-25,386.1100,387.7900,376.5500,383.6900,5778782
2021-06-24,389.0000,393.9300,382.4800,386.5600,1346426
2021-06-23,378.0000,386.4400,377.9000,385.4100,1476196
2021-06-22,369.8000,382.0800,367.2360,377.5300,2079531
2021-06-21,367.4300,368.8000,353.1600,363.1900,1902378
2021-06-18,359.2600,372.8600,357.5000,367.6100,2718299
2021-06-17,335.0000,365.0000,333.8399,360.9700,3228862
2021-06-16,335.5000,338.6600,325.7900,334.4000,1993758
2021-06-15,340.7600,341.9500,333.5000,335.5000,1582902
2021-06-14,335.5000,347.1300,333.0000,343.0700,2036400
2021-06-11,324.0400,333.9900,322.2900,332.7300,1815676
2021-06-10,314.0000,324.9500,312.7527,324.1000,1419715
2021-06-09,318.9000,326.7400,314.2800,314.6100,1573897
2021-06-08,316.3800,323.8100,312.5000,317.2000,1424033
2021-06-07,308.8400,315.7800,304.5000,314.5200,1719334
2021-06-04,313.7000,319.0000,309.0100,309.9100,1833589
2021-06-03,328.4200,330.5050,309.6700,309.8300,2277370
2021-06-02,331.2200,338.6900,327.2400,331.4800,1134500
2021-06-01,339.1900,340.9600,329.2301,333.6800,1537553
2021-05-28,338.0000,342.0256,336.0000,336.0000,1253895
2021-05-27,333.0000,339.8400,322.5500,338.6900,2806877
2021-05-26,326.9500,335.9300,325.3500,332.3600,2714914
2021-05-25,326.8000,329.6200,322.2800,324.2100,1691375
