timestamp,open,high,low,close,volume
2021-10-14,26.2000,26.6550,25.9850,26.1100,3575558
2021-10-13,25.5700,25.9500,25.4050,25.9000,8003040
2021-10-12,25.8000,25.9800,25.4550,25.5100,4743517
2021-10-11,25.4100,26.0800,25.2000,25.7000,2267715
2021-10-08,25.7800,25.7800,25.3500,25.4800,1201805
2021-10-07,24.9100,25.8000,24.7850,25.5700,2742506
2021-10-06,24.6600,25.6300,24.4900,25.3500,2849558
2021-10-05,24.7200,25.0600,24.6410,24.8900,1774052
2021-10-04,24.6500,25.0000,24.1200,24.5900,2319175
2021-10-01,23.7700,24.8700,23.4300,24.8100,5353274
2021-09-30,23.5600,23.8650,23.5042,23.6700,1969995
2021-09-29,24.2000,24.3200,23.2500,23.5000,4028342
2021-09-28,24.9600,25.0900,24.0150,24.0600,4350119
2021-09-27,25.5000,25.6724,25.1400,25.2300,4304674
2021-09-24,24.6250,25.3300,24.6250,25.2400,3551138
2021-09-23,24.1000,24.7200,23.8500,24.6900,3460183
2021-09-22,23.1200,24.2600,23.0500,24.1100,3686149
2021-09-21,22.7100,23.3750,22.5900,23.2400,3230168
2021-09-20,22.5400,22.7600,22.1800,22.5700,2255882
2021-09-17,23.0300,23.2000,22.5900,22.9200,3290849
2021-09-16,23.0500,23.1900,22.6800,23.0400,1152466
2021-09-15,22.5400,23.3100,22.4600,23.1600,2121729
2021-09-14,23.4100,23.6300,22.5231,22.6100,2332156
2021-09-13,22.6600,23.6078,22.5000,23.4000,4898227
2021-09-10,23.5300,23.8600,22.7800,22.8400,4313137
2021-09-09,25.4700,25.5100,23.5900,23.6000,4985901
2021-09-08,25.7100,26.0900,25.3050,25.3500,1500544
2021-09-07,26.0800,26.1000,25.6748,25.7100,1469328
2021-09-03,25.7100,26.3800,25.7100,26.0400,1275647
2021-09-02,26.0000,26.1100,25.6450,25.7100,1192026
2021-09-01,25.8500,26.3400,25.8150,26.0000,1920427
2021-08-31,25.7600,26.0100,25.5700,25.7800,2018348
2021-08-30,25.8200,25.8500,25.4800,25.6100,1594414
2021-08-27,24.9200,25.9050,24.5750,25.8500,2045541
2021-08-26,24.3600,25.4700,22.9400,25.1400,3452582
2021-08-25,25.8800,26.1500,25.5600,25.6400,2381521
2021-08-24,25.2100,26.2500,25.2100,25.8700,2380379
2021-08-23,25.1100,25.5200,25.0200,25.2100,2147297
2021-08-20,24.6000,24.8800,24.5600,24.8700,2048084
2021-08-19,24.9300,25.0000,24.5500,24.6300,1413088
2021-08-18,24.6200,25.5200,24.6000,25.0400,1438239
2021-08-17,25.1000,25.3800,24.2900,24.5100,2219950
2021-08-16,26.2500,26.3800,25.2900,25.3200,1632451
2021-08-13,26.2500,26.4800,26.0100,26.3800,1463990
2021-08-12,25.3500,26.2900,25.2500,26.2000,2134667
2021-08-11,25.0500,25.2600,24.8800,25.2600,893375
2021-08-10,25.1000,25.4600,24.9700,25.0500,1621390
2021-08-09,24.7400,25.3350,24.7400,25.0500,1722879
2021-08-06,24.6700,25.0700,24.5700,24.7700,1087459
2021-08-05,24.4100,24.7050,24.2900,24.6200,979693
2021-08-04,24.6000,24.7800,24.2500,24.3900,1582266
2021-08-03,24.4500,24.6100,24.3100,24.5300,1348378
2021-08-02,24.1100,24.6100,23.8200,24.4000,2053012
2021-07-30,24.2400,24.3900,23.8300,23.9200,1482824
2021-07-29,23.4000,24.4850,23.2800,24.3300,2840212
2021-07-28,23.6300,23.8000,23.3900,23.4700,2157929
2021-07-27,23.2300,23.6500,23.0000,23.4200,1571117
2021-07-26,24.1300,24.2800,23.1900,23.2800,4439224
2021-07-23,23.4100,24.1000,23.3300,24.0600,2536952
2021-07-22,23.1900,23.5650,23.1400,23.3000,1601259
2021-07-21,23.4700,23.5900,22.7100,23.1100,2978723
2021-07-20,23.1300,23.9650,23.0500,23.7400,3719563
2021-07-19,23.2600,23.5700,22.4600,22.9700,4899522
2021-07-16,23.6700,23.7900,23.3250,23.4700,1230268
2021-07-15,23.7700,23.9450,23.3500,23.4600,2253031
2021-07-14,24.3000,24.6600,23.8100,23.8400,2058167
2021-07-13,24.5700,24.7450,24.1500,24.1900,1845574
2021-07-12,25.3000,25.3299,24.5200,24.7200,2861557
2021-07-09,25.1100,25.1800,24.7600,25.0900,1399321
2021-07-08,25.1500,25.3700,24.8200,25.1200,1551684
2021-07-07,26.5000,26.5800,25.5100,25.6100,2452345
2021-07-06,26.8500,26.8500,25.9900,26.3400,2551889
2021-07-02,26.7500,27.4071,26.6900,26.9400,2394370
2021-07-01,25.4900,26.7800,25.4700,26.6500,3308896
2021-06-30,26.0200,26.7700,25.5150,25.5500,5177623
2021-06-29,26.0500,26.0700,25.4500,25.6300,4632189
2021-06-28,25.2600,26.0000,25.2300,26.0000,6493424
2021-06-25,25.3100,25.3300,25.0200,25.2100,4553830
2021-06-24,25.3000,25.4397,25.2050,25.2400,3693752
2021-06-23,25.1500,25.5350,25.0654,25.2100,2361517
2021-06-22,24.9100,25.2000,24.7600,25.2000,1464328
2021-06-21,24.9300,25.0950,24.6400,24.9500,2017455
2021-06-18,24.9700,25.2800,24.8400,24.9900,3999941
2021-06-17,25.0300,25.3900,24.6400,24.9800,2461020
2021-06-16,25.2100,25.4493,24.7900,25.1400,3216223
2021-06-15,25.1100,25.2300,24.9450,25.2000,2112053
2021-06-14,25.0700,25.4200,24.8800,25.1300,2552250
2021-06-11,24.9700,25.2000,24.9050,25.0000,2008260
2021-06-10,24.6000,25.1800,24.5300,25.0400,1833367
2021-06-09,24.9400,25.1300,24.5150,24.6300,1691300
2021-06-08,24.8300,25.2000,24.8300,24.9200,2420428
2021-06-07,25.2000,25.3600,24.8050,24.8300,2689620
2021-06-04,24.8900,25.2250,24.8300,25.1600,2324553
2021-06-03,24.2900,24.7200,24.1800,24.7200,1819573
2021-06-02,24.1500,24.8300,23.6500,24.5300,4000356
2021-06-01,23.4000,24.3450,23.2600,23.9700,3866479
2021-05-28,22.8900,23.6000,22.5000,23.3100,3531960
2021-05-27,23.1000,23.2093,22.7500,22.8700,2012984
2021-05-26,23.0000,23.3050,22.8900,23.1700,1052194
2021-05-25,23.3300,23.5500,22.8300,22.8600,1705686
