timestamp,open,high,low,close,volume
2021-10-14,139.5700,142.1900,138.6400,141.3500,1827558
2021-10-13,139.5000,141.5000,137.5700,137.7600,1787918
2021-10-12,135.9500,139.7000,135.5100,139.2400,1689865
2021-10-11,134.5500,138.5500,133.2800,135.7000,1296256
2021-10-08,137.0000,138.4900,134.4300,136.2200,1833643
2021-10-07,132.2000,137.2000,132.2000,136.0700,2529590
2021-10-06,126.6100,130.7800,125.5200,130.3800,2545376
2021-10-05,120.8100,128.1800,120.1567,128.0500,3541624
2021-10-04,125.0900,125.1300,118.3060,119.8500,2490779
2021-10-01,125.6500,127.7500,123.5000,126.2200,1984256
2021-09-30,126.0000,127.7900,125.1700,126.2500,2106081
2021-09-29,129.7400,130.5400,125.3000,125.8300,2998360
2021-09-28,134.2000,135.5000,126.9000,127.1800,4403337
2021-09-27,141.0000,142.2000,136.3100,137.8300,2633519
2021-09-24,138.5900,142.7700,138.5550,142.5200,2575154
2021-09-23,137.9200,144.5900,137.5000,140.9400,7114478
2021-09-22,131.0000,134.5900,130.3900,133.5100,1994902
2021-09-21,127.9300,132.2200,127.8000,131.0000,2289840
2021-09-20,131.2800,133.3000,124.3300,127.5600,4683421
2021-09-17,135.3100,138.4800,133.5926,136.6900,12892769
2021-09-16,131.7800,136.5000,131.7800,134.4400,2468680
2021-09-15,131.2300,132.4200,128.8200,132.0300,3564225
2021-09-14,130.8900,135.0000,130.6100,131.7300,2283441
2021-09-13,133.1100,134.1300,128.1500,131.1700,3074163
2021-09-10,135.3000,139.2200,134.0000,135.1000,3669906
2021-09-09,131.8300,135.6860,131.6900,134.1400,2115194
2021-09-08,135.2000,135.8999,131.1300,133.6200,2584231
2021-09-07,133.9600,136.9600,132.6800,136.2600,3625042
2021-09-03,132.7500,135.5799,132.3674,133.6100,2634724
2021-09-02,126.9740,134.3500,126.4300,133.1400,6157248
2021-09-01,125.6000,128.2099,125.1500,126.5000,2158528
2021-08-31,127.0000,129.0000,124.7500,126.7500,2525098
2021-08-30,123.0100,128.2400,122.8200,126.3400,3440335
2021-08-27,120.9400,124.2000,120.4200,123.5100,1425124
2021-08-26,124.4900,126.6000,118.7100,120.0600,2638646
2021-08-25,125.3100,126.4800,123.4100,124.6200,1871377
2021-08-24,125.3000,127.1500,124.2424,125.1100,1773178
2021-08-23,122.8400,125.7500,122.3600,125.2900,2479521
2021-08-20,116.5000,122.9800,116.4900,122.8400,3791504
2021-08-19,115.5200,119.2500,114.6500,116.4100,2589747
2021-08-18,120.6800,121.7400,116.8000,117.9200,2631389
2021-08-17,119.1400,123.5600,118.5000,120.7800,3233250
2021-08-16,126.4200,128.5800,120.4300,122.1900,4023682
2021-08-13,126.3500,129.0000,123.7700,128.8700,6849369
2021-08-12,119.9800,127.9700,119.0500,126.6900,9206251
2021-08-11,111.6500,121.4500,111.5600,121.3500,11178617
2021-08-10,110.0700,112.1500,107.0300,107.1500,2325063
2021-08-09,107.7600,112.3000,107.5000,110.2500,2451512
2021-08-06,109.2000,110.4800,106.5000,107.0000,2536020
2021-08-05,109.0000,110.9999,107.2500,110.2600,1678015
2021-08-04,105.0000,109.4100,104.9700,109.1500,2274345
2021-08-03,107.0000,107.2200,103.1200,105.2000,2222655
2021-08-02,106.7400,109.1900,103.7850,107.6300,1843845
2021-07-30,110.0600,110.7459,106.2700,107.1200,2119749
2021-07-29,108.0000,111.7400,107.4100,111.2500,3795783
2021-07-28,101.4900,108.8200,101.0200,108.7500,4349984
2021-07-27,103.0000,103.4700,99.3993,100.7800,2487091
2021-07-26,104.4300,105.4100,102.9700,103.3200,1631026
2021-07-23,104.5000,105.8900,103.0300,105.5000,1642143
2021-07-22,104.0000,104.8600,102.1601,104.2000,1754973
2021-07-21,100.3500,103.3600,99.8300,103.3100,1605542
2021-07-20,98.4600,100.6500,96.1500,100.1600,1390847
2021-07-19,94.0700,98.8000,92.5000,98.2300,1934753
2021-07-16,97.5000,98.9000,95.6202,96.7100,1895849
2021-07-15,100.0000,101.4700,96.2200,96.7500,4400674
2021-07-14,104.3900,104.7000,99.2100,99.6200,2892359
2021-07-13,103.7400,106.5000,103.3200,103.5400,1547224
2021-07-12,107.1200,107.3600,103.4600,106.1900,1152645
2021-07-09,104.9700,107.2500,102.8200,106.5300,1296376
2021-07-08,100.0000,105.2500,98.9716,105.1800,3073174
2021-07-07,107.6900,108.2500,103.1500,104.4900,1747818
2021-07-06,106.2900,108.4500,104.1100,106.6500,1501997
2021-07-02,105.9400,107.9600,105.4900,106.0900,1215283
2021-07-01,110.0800,111.8700,105.0400,105.8400,2792760
2021-06-30,109.4200,111.9700,109.1100,109.8300,1662549
2021-06-29,110.9900,112.1078,109.1100,110.8500,2007520
2021-06-28,111.9900,112.8000,109.9000,110.4900,2348451
2021-06-25,113.9500,113.9800,109.5200,110.1500,9565710
2021-06-24,113.2700,115.5000,112.8501,113.7600,4668049
2021-06-23,110.0000,113.3300,109.6900,112.9600,3751387
2021-06-22,108.0100,111.8500,107.4253,110.2600,5096552
2021-06-21,105.1200,109.9000,104.5900,107.8900,5574344
2021-06-18,103.9500,105.9500,102.3043,105.0200,5552452
2021-06-17,96.8000,104.4700,96.3000,103.8600,5215830
2021-06-16,98.0500,99.9300,95.0990,96.8400,2706403
2021-06-15,101.7500,103.2400,96.8100,98.0900,3616529
2021-06-14,100.3000,103.7375,99.3800,102.3000,5617169
2021-06-11,99.9900,101.4500,98.7000,99.4500,4134073
2021-06-10,99.3000,100.9300,97.6550,100.8100,2684819
2021-06-09,99.0000,100.0000,97.7050,98.6600,2982371
2021-06-08,98.2500,99.7900,96.1000,98.0500,2944322
2021-06-07,94.2900,98.4200,94.2300,98.1000,3696356
2021-06-04,93.6500,95.4300,93.0000,95.0800,2006329
2021-06-03,93.2900,95.0800,92.2089,93.1000,2458592
2021-06-02,93.7100,94.3200,92.3300,93.5100,2982374
2021-06-01,95.1800,95.8150,92.2500,93.7200,3047165
2021-05-28,96.5100,98.5500,94.4000,94.4600,2276818
2021-05-27,95.8300,96.7000,93.6700,95.8000,5716088
2021-05-26,95.8800,98.5000,94.8201,96.2400,3731033
2021-05-25,97.3100,97.4500,94.5400,95.2800,3630016
