timestamp,open,high,low,close,volume
2021-10-14,170.5400,177.7400,170.2000,173.2900,1101862
2021-10-13,164.1800,169.5000,164.1800,168.6600,679651
2021-10-12,161.6100,165.2399,159.2500,162.5700,982065
2021-10-11,154.6000,162.0000,152.6300,159.2800,950067
2021-10-08,152.8600,155.4200,150.0400,155.1900,1710785
2021-10-07,150.0000,153.9500,149.4000,152.3000,668913
2021-10-06,142.4000,148.5100,142.0900,147.5300,609524
2021-10-05,142.2200,145.5200,141.6100,144.1600,648707
2021-10-04,149.4900,149.4900,139.4550,142.3200,1241817
2021-10-01,150.0200,151.9300,149.5000,151.0600,474794
2021-09-30,148.0000,151.6500,147.8500,148.9900,927711
2021-09-29,153.4600,155.8300,147.6700,147.7900,1195067
2021-09-28,160.0000,160.5000,149.8200,151.7300,1076248
2021-09-27,164.2500,165.6800,160.4100,163.5800,884962
2021-09-24,165.7400,168.1650,163.4100,166.3400,504469
2021-09-23,168.0300,168.5700,164.3600,166.9900,467790
2021-09-22,162.3000,167.2900,161.6920,166.5400,480320
2021-09-21,162.6200,164.9400,161.0700,163.1800,513508
2021-09-20,159.4700,161.7641,157.8501,160.3200,486102
2021-09-17,165.0000,166.6400,162.3300,164.0900,1252802
2021-09-16,159.7400,164.4100,159.4700,164.2900,446244
2021-09-15,160.8500,163.2590,158.2000,159.9900,585072
2021-09-14,158.8500,162.5400,158.6500,160.1100,415179
2021-09-13,159.0400,160.7600,154.7900,158.5000,592805
2021-09-10,163.5500,163.5500,159.1100,159.6600,477196
2021-09-09,161.4700,164.4400,159.5600,163.2900,602005
2021-09-08,167.5000,167.7200,162.0700,162.3500,1923828
2021-09-07,171.2300,172.5000,169.3000,170.7800,783221
2021-09-03,164.1000,172.9000,163.7500,171.4900,1461972
2021-09-02,163.3600,163.7800,160.2200,163.7100,594688
2021-09-01,159.2800,163.6500,158.7589,161.3700,673190
2021-08-31,159.8300,160.5599,156.0823,159.5500,755404
2021-08-30,155.1600,159.7900,153.0000,159.0300,1052641
2021-08-27,153.2700,156.7100,153.2700,155.3100,773792
2021-08-26,158.0300,161.5800,150.1000,153.1500,1786219
2021-08-25,158.8600,160.4400,155.7800,157.9300,1447523
2021-08-24,158.3000,160.4350,157.3800,158.6000,582360
2021-08-23,157.2100,159.8400,155.6800,157.2900,935036
2021-08-20,153.5000,158.1000,153.3450,155.6100,799894
2021-08-19,151.9000,154.1300,150.6100,152.4400,543931
2021-08-18,149.3500,155.2000,147.9700,152.9000,788880
2021-08-17,148.2400,150.0600,145.7800,148.6400,488901
2021-08-16,153.5000,153.5000,147.2800,149.3300,501422
2021-08-13,154.0800,156.0100,152.7250,153.9300,415324
2021-08-12,150.5700,154.8000,149.9888,153.6100,278293
2021-08-11,152.3100,154.0207,148.4026,151.1400,336259
2021-08-10,156.3400,157.8600,149.8800,152.2900,506747
2021-08-09,156.9200,158.4700,154.8300,156.5200,1459900
2021-08-06,156.6800,157.9000,152.0500,155.5400,585423
2021-08-05,152.0900,159.0000,151.3750,157.7600,887114
2021-08-04,146.6800,151.7800,145.6000,150.0600,858442
2021-08-03,146.3800,148.2400,143.9300,145.6600,300011
2021-08-02,148.0600,149.6500,144.1201,146.3700,514503
2021-07-30,144.9900,148.9800,144.9900,148.0600,629905
2021-07-29,146.9900,149.8400,146.4100,146.7900,342181
2021-07-28,144.0200,148.8600,143.7149,148.2000,426560
2021-07-27,147.8300,147.9100,140.2400,144.3600,474238
2021-07-26,149.4900,149.8500,147.1300,147.6400,502171
2021-07-23,145.2800,149.2400,144.3800,149.0700,615384
2021-07-22,145.0000,146.7600,144.1900,145.2800,430943
2021-07-21,142.9400,145.3000,140.2500,144.2500,480882
2021-07-20,140.5100,144.5600,137.1750,142.7700,703326
2021-07-19,136.7100,139.0200,134.6800,138.8400,835726
2021-07-16,139.5300,142.1951,139.0500,140.0700,469740
2021-07-15,145.0000,145.0000,135.8650,139.2000,1591363
2021-07-14,149.8200,151.1100,144.6800,144.8700,591161
2021-07-13,149.0100,152.2550,148.3623,148.9400,630055
2021-07-12,152.5000,153.4997,146.9900,147.8200,402644
2021-07-09,147.0600,150.3600,146.8100,150.3400,615434
2021-07-08,145.6400,149.2100,144.2100,147.4200,404966
2021-07-07,151.0200,153.1200,147.2100,149.2000,373164
2021-07-06,147.6700,151.2700,146.8200,148.9600,629764
2021-07-02,146.7300,148.4100,146.2300,146.6100,306366
2021-07-01,145.6900,148.4811,143.2200,146.0800,598761
2021-06-30,148.7600,148.9300,145.4900,145.7600,527816
2021-06-29,147.1500,149.7700,146.3700,148.9400,581700
2021-06-28,150.0000,151.1664,148.1100,148.7000,613839
2021-06-25,147.5000,148.8000,144.8800,148.7900,1041771
2021-06-24,147.3400,148.9700,146.2200,146.6400,630109
2021-06-23,147.0900,149.3000,146.2100,147.0000,463121
2021-06-22,144.3600,148.6846,144.3600,147.2700,480974
2021-06-21,144.3100,146.2200,140.6507,145.3000,563965
2021-06-18,142.9500,146.5200,141.0000,143.9700,710060
2021-06-17,136.5200,144.2000,136.2900,142.7100,947735
2021-06-16,135.0600,138.9000,134.2400,137.7900,905526
2021-06-15,136.9300,137.8500,133.6600,134.6800,667005
2021-06-14,137.4600,139.8800,136.7000,137.1600,795384
2021-06-11,133.9500,137.1400,133.4500,136.6700,586562
2021-06-10,131.5700,135.2950,131.1000,135.0900,614221
2021-06-09,134.3300,135.7100,131.2300,131.4800,846159
2021-06-08,133.1300,135.8000,132.7600,133.8200,1116047
2021-06-07,128.5200,133.7400,127.0950,132.5700,1313251
2021-06-04,130.8900,134.8300,129.8477,130.8700,1506023
2021-06-03,129.5500,130.0200,123.7500,129.8400,3767481
2021-06-02,117.8400,118.9800,115.8350,118.0200,1875675
2021-06-01,118.5700,121.3300,115.4700,118.4100,780838
2021-05-28,119.3200,120.5100,117.9700,118.2100,559565
2021-05-27,117.0300,119.6500,113.6700,118.5700,816272
2021-05-26,119.1200,121.4900,117.3500,117.9900,892096
2021-05-25,117.3900,118.9600,115.9200,116.2900,1820830
