timestamp,open,high,low,close,volume
2021-10-14,32.6300,33.5700,32.4000,33.0800,93825
2021-10-13,32.3100,32.7500,31.9600,32.2000,80005
2021-10-12,32.1300,32.4900,31.6300,32.2200,67296
2021-10-11,32.3200,32.8400,31.8700,31.9200,61628
2021-10-08,33.1400,33.3400,32.2500,32.4100,66260
2021-10-07,33.1900,33.8600,33.1200,33.1500,102266
2021-10-06,32.6300,33.1900,32.5200,32.8400,86618
2021-10-05,33.0400,33.3500,32.8695,32.8900,68056
2021-10-04,33.7800,33.7800,32.5500,32.8100,132706
2021-10-01,33.6400,34.2900,33.1500,34.1400,112107
2021-09-30,33.1900,33.9400,33.1900,33.5000,144147
2021-09-29,33.2100,33.4500,32.5300,33.2600,171560
2021-09-28,34.2700,34.2700,32.8300,33.1500,118881
2021-09-27,33.8300,34.8000,33.5400,34.4100,94988
2021-09-24,34.3100,35.1500,33.8700,34.1400,109894
2021-09-23,34.4700,34.7500,34.1900,34.4800,98874
2021-09-22,34.5800,34.9000,34.2000,34.2900,102656
2021-09-21,34.3300,34.7300,34.2300,34.5400,102604
2021-09-20,35.3400,35.7600,34.0800,34.3800,111142
2021-09-17,35.5000,36.6000,35.5000,35.7400,263040
2021-09-16,35.3000,35.4900,34.7400,35.4600,118699
2021-09-15,35.5400,35.8900,34.8500,35.3600,85104
2021-09-14,36.9300,36.9800,35.2600,35.4800,92576
2021-09-13,36.8500,37.0500,36.1900,36.8400,154170
2021-09-10,36.6300,37.3850,36.3700,36.7300,117309
2021-09-09,36.0200,37.1600,35.7700,36.5500,193430
2021-09-08,35.8300,36.2950,35.4610,36.1000,110068
2021-09-07,35.4900,36.0700,35.3451,36.0100,247684
2021-09-03,35.0100,35.7500,34.8100,35.4100,164480
2021-09-02,34.6900,35.3600,33.8800,35.3100,117288
2021-09-01,33.8400,34.6700,33.7250,34.5400,81765
2021-08-31,34.5500,34.5800,33.8200,33.9100,85971
2021-08-30,34.9800,35.4400,34.2600,34.6200,163247
2021-08-27,33.9900,35.3400,33.9900,34.7900,219984
2021-08-26,33.0700,34.3600,33.0700,34.0100,180773
2021-08-25,33.7000,33.7000,32.9500,33.3000,163857
2021-08-24,33.1000,34.4900,33.1000,33.7600,208055
2021-08-23,32.7100,33.3700,32.7100,33.3700,85635
2021-08-20,32.2200,33.2200,32.0600,32.6000,161059
2021-08-19,32.0500,32.6500,32.0200,32.2600,200506
2021-08-18,32.6500,32.7500,32.1400,32.4800,141806
2021-08-17,32.7200,32.8800,32.4750,32.7200,132023
2021-08-16,32.9200,32.9900,31.9500,32.9500,176075
2021-08-13,33.9100,33.9100,32.6700,33.2200,134573
2021-08-12,34.4900,34.8472,33.7900,33.9700,166637
2021-08-11,36.0600,36.0700,34.3400,34.4300,213229
2021-08-10,37.1950,39.9900,35.7100,35.8800,507492
2021-08-09,32.3200,32.7600,32.3200,32.5900,239776
2021-08-06,33.0900,33.1500,32.4100,32.6100,230467
2021-08-05,32.5500,33.1900,32.2100,32.8100,238095
2021-08-04,31.3300,32.6500,31.1000,32.6500,374941
2021-08-03,31.7300,31.8300,30.9650,31.5800,218740
2021-08-02,32.4900,32.5400,31.7600,31.7900,175249
2021-07-30,32.4100,32.7100,32.1000,32.3700,139215
2021-07-29,32.4100,32.9300,32.2300,32.6400,184320
2021-07-28,32.2700,32.4850,31.9000,32.2800,352116
2021-07-27,31.6600,32.0350,31.0000,32.0000,238053
2021-07-26,31.9900,32.2700,31.7000,31.9100,106714
2021-07-23,32.6300,32.6300,31.6500,31.9900,121443
2021-07-22,33.1400,33.1400,31.8500,32.2100,194912
2021-07-21,33.1800,33.3600,32.7700,32.9500,150983
2021-07-20,32.4900,33.5400,32.3079,32.9800,247881
2021-07-19,32.6100,33.3350,32.0500,32.4700,179868
2021-07-16,33.3300,33.8100,32.8539,33.0600,132980
2021-07-15,33.2000,33.2950,32.6113,33.0500,141271
2021-07-14,34.3900,34.3900,33.2084,33.2900,148410
2021-07-13,33.6300,34.4600,33.5400,34.2300,142930
2021-07-12,33.5800,34.2100,32.7900,33.9100,132712
2021-07-09,33.2100,33.6300,32.5800,33.3700,471328
2021-07-08,32.4500,33.5350,32.0200,33.3400,250717
2021-07-07,33.8800,34.0450,32.5400,33.0500,192651
2021-07-06,34.4000,34.4000,33.4800,33.6800,150213
2021-07-02,34.9700,35.0700,34.5200,34.5400,78865
2021-07-01,34.2200,35.2400,34.1050,34.8100,174726
2021-06-30,35.4500,35.4500,34.2700,34.2700,116093
2021-06-29,36.0200,36.0200,35.0400,35.5400,112194
2021-06-28,35.5900,36.5600,35.5900,35.9500,111320
2021-06-25,35.8700,36.1200,35.2200,35.3500,495978
2021-06-24,35.4100,36.0800,35.1500,35.8600,143776
2021-06-23,35.0400,35.3350,34.6800,34.9600,114544
2021-06-22,35.0600,35.1600,34.5200,35.0400,95140
2021-06-21,35.2000,35.5000,34.4900,35.1700,116989
2021-06-18,35.4200,35.9200,34.8050,35.2600,185939
2021-06-17,34.8500,35.7100,34.7200,35.5600,124632
2021-06-16,34.9200,35.2500,34.2850,34.7500,200849
2021-06-15,35.5100,35.5100,34.6400,34.9400,132646
2021-06-14,34.7900,35.7800,34.2925,35.5300,140304
2021-06-11,34.6800,34.7400,34.1900,34.5000,91369
2021-06-10,33.5300,34.5700,33.5300,34.5600,166698
2021-06-09,34.0000,34.4200,33.5600,33.7400,122706
2021-06-08,33.1400,34.3600,33.1400,33.8800,149781
2021-06-07,33.4300,33.4850,32.7600,32.9500,184018
2021-06-04,33.2800,33.7300,33.0000,33.3700,139688
2021-06-03,33.9900,34.2800,33.1300,33.2500,144417
2021-06-02,34.5800,34.6250,33.4700,34.1700,235218
2021-06-01,35.7500,35.7500,34.4000,34.4400,180716
2021-05-28,36.4100,36.7200,35.2300,35.6700,266621
2021-05-27,35.0900,36.4600,34.3300,36.1500,775656
2021-05-26,34.2600,35.1600,34.1400,34.8900,257263
2021-05-25,33.8500,34.1700,32.6300,34.1000,526279
""
