timestamp,open,high,low,close,volume
2021-10-14,161.8600,166.1400,159.5500,165.2800,6428501
2021-10-13,151.8000,159.4700,151.1900,159.4300,5766859
2021-10-12,145.9900,151.4692,144.8000,150.9400,4142698
2021-10-11,135.3250,145.7000,134.9300,144.2700,5379666
2021-10-08,137.1500,139.9000,134.7400,139.6600,2996871
2021-10-07,134.0400,137.0300,132.5400,136.9200,4040434
2021-10-06,123.9800,135.1050,123.9800,133.4400,7620125
2021-10-05,116.7400,125.6200,116.7400,125.5900,6688775
2021-10-04,114.0000,115.8200,111.5700,115.7300,4170824
2021-10-01,113.0100,115.0200,108.9300,114.9800,3446684
2021-09-30,113.1400,115.3200,110.7800,112.6500,3381322
2021-09-29,115.2900,115.8400,110.6800,112.3400,3715864
2021-09-28,119.3300,119.3300,112.8000,113.0800,5888074
2021-09-27,127.9900,128.6000,121.7300,122.8100,4487451
2021-09-24,130.7700,132.9900,127.8100,130.3600,3902656
2021-09-23,136.9700,137.0000,130.8200,135.6700,3859443
2021-09-22,130.6000,137.0700,130.4000,136.9700,3002442
2021-09-21,128.9900,131.4001,127.7600,130.4000,1834302
2021-09-20,125.2800,129.4200,124.8400,127.1900,2335383
2021-09-17,133.0000,134.5400,130.5100,131.4100,6356737
2021-09-16,129.0000,133.9500,128.1034,133.4900,3107029
2021-09-15,126.5200,128.8350,125.0800,128.5500,2191251
2021-09-14,125.2100,128.9200,125.2100,126.7600,2925884
2021-09-13,127.9900,128.2700,120.8300,124.7000,3100651
2021-09-10,129.3100,130.4400,127.3900,127.4800,1734396
2021-09-09,129.0000,131.3200,127.9500,127.9900,1967084
2021-09-08,130.4200,131.1800,126.5100,128.1800,1884419
2021-09-07,131.0100,132.0900,127.6113,131.2800,2196451
2021-09-03,128.4800,131.5940,128.0393,130.4400,2441073
2021-09-02,128.0000,129.6218,126.1800,128.6100,2171976
2021-09-01,120.0000,129.6700,119.2700,126.8600,5168700
2021-08-31,123.4200,123.4400,120.3700,120.7400,3166443
2021-08-30,122.5900,124.6300,121.0600,123.4200,1849641
2021-08-27,122.4700,124.9700,121.5000,123.5700,1993766
2021-08-26,123.2200,124.2200,120.7600,120.9000,1619735
2021-08-25,124.3900,125.4300,122.8100,123.2400,1176879
2021-08-24,125.0000,125.7500,122.8400,124.0200,1361101
2021-08-23,121.1600,124.3400,120.1000,124.1800,1767053
2021-08-20,119.0000,122.4150,118.1500,119.9600,2463421
2021-08-19,115.8900,120.0000,115.0025,118.1500,2523651
2021-08-18,118.9900,119.3200,116.5400,116.9300,2817527
2021-08-17,120.2200,121.3300,117.9300,119.8400,2435099
2021-08-16,119.5200,120.9920,116.6400,120.3800,3322313
2021-08-13,122.3100,123.5300,120.1600,121.7500,1724553
2021-08-12,117.4000,125.7800,117.0023,122.2300,5855602
2021-08-11,123.2500,124.0000,116.3800,119.0100,7776822
2021-08-10,125.7300,127.7000,122.3900,125.4700,8163383
2021-08-09,117.9800,125.4600,117.1300,123.4300,4416196
2021-08-06,117.2800,121.3300,115.0000,118.8200,3405479
2021-08-05,118.9800,122.2350,117.8000,121.4600,3640276
2021-08-04,119.9000,121.2500,118.8200,120.0000,2451614
2021-08-03,118.7900,120.0000,117.4200,119.5700,1639949
2021-08-02,119.2700,120.4500,114.8400,118.5900,1983659
2021-07-30,119.3800,122.0800,117.9900,118.6300,2546536
2021-07-29,119.3900,122.7700,119.1100,120.3900,2437495
2021-07-28,116.3900,119.9300,115.8700,119.7500,2534914
2021-07-27,116.5700,116.9922,112.2700,115.4700,2169487
2021-07-26,116.9300,117.4900,115.2500,116.7300,1770731
2021-07-23,114.0500,117.4000,112.5300,117.2400,2369831
2021-07-22,110.1600,115.3800,109.7600,113.7700,2898881
2021-07-21,107.0100,109.7800,105.6100,109.5200,1731752
2021-07-20,104.4900,108.6600,102.3000,107.6800,2616962
2021-07-19,101.0000,106.6300,99.5138,105.5200,2869517
2021-07-16,103.6000,104.2581,101.3500,102.6600,1942152
2021-07-15,104.0700,106.0000,101.3900,102.6700,2343178
2021-07-14,107.6800,108.7800,103.7000,104.3800,2687538
2021-07-13,107.6800,108.9200,105.9500,106.5100,1491924
2021-07-12,110.3000,111.9699,106.0600,107.2800,2810127
2021-07-09,108.3900,109.4699,105.6600,108.9700,1909349
2021-07-08,103.7700,109.6800,101.7001,108.7800,2634300
2021-07-07,109.9200,110.9441,106.8000,108.3500,2726265
2021-07-06,106.4100,109.2000,106.0200,108.9300,3269180
2021-07-02,105.8500,107.6000,105.3000,106.0200,1455385
2021-07-01,106.0000,106.4700,103.2800,104.3900,2520694
2021-06-30,107.0400,107.4500,105.7600,105.8400,2286367
2021-06-29,105.3300,108.0000,104.8500,107.6000,1853668
2021-06-28,105.7800,106.6352,104.1200,106.0400,2400955
2021-06-25,105.0000,106.2200,102.5300,104.8400,10476936
2021-06-24,104.7400,109.9800,103.8700,104.5700,5234160
2021-06-23,102.7900,104.1700,102.1300,103.7400,3066723
2021-06-22,101.0000,103.2400,100.6600,102.5700,4082635
2021-06-21,100.9800,101.8500,96.6100,101.0800,4244956
2021-06-18,102.3000,102.4464,98.8000,101.6800,7301634
2021-06-17,94.4100,101.2900,94.0000,100.6900,6651341
2021-06-16,92.7100,95.2100,92.0000,94.7600,3667149
2021-06-15,94.3300,95.8400,92.8200,93.4000,3112344
2021-06-14,94.7000,97.3250,93.6700,95.6400,4320682
2021-06-11,92.9400,94.4000,92.2100,94.0000,2712436
2021-06-10,90.0000,93.6450,88.8100,93.4700,3369121
2021-06-09,89.7800,90.8000,87.7100,90.1300,2782890
2021-06-08,86.8400,90.8400,86.8400,89.7800,4686787
2021-06-07,83.0700,86.1500,82.2000,85.8400,3186203
2021-06-04,82.8100,84.1000,82.7238,83.0800,1496613
2021-06-03,83.2400,83.3800,80.4500,81.9200,1588300
2021-06-02,83.1300,84.1200,82.5000,83.8600,1983256
2021-06-01,82.3300,83.3600,80.3200,83.0700,2976420
2021-05-28,82.4200,83.8000,81.9600,82.0600,2400405
2021-05-27,80.3500,83.0000,78.1000,82.8100,6704807
2021-05-26,80.0000,81.0700,79.4100,79.8800,2772422
2021-05-25,79.5000,80.7300,78.9400,79.5900,3323218
