timestamp,open,high,low,close,volume
2021-10-14,124.1100,125.5500,122.2600,122.6600,960978
2021-10-13,120.7500,123.5500,120.5100,122.8400,1477859
2021-10-12,117.5600,120.8800,117.0000,119.9300,889937
2021-10-11,118.6000,118.9300,116.9200,116.9800,674231
2021-10-08,118.9000,120.2500,117.6400,118.9000,693686
2021-10-07,117.3200,120.0400,117.0000,118.5300,926609
2021-10-06,112.3100,116.2200,112.1300,116.1100,812131
2021-10-05,112.4300,114.1800,111.8300,113.3100,662850
2021-10-04,113.6100,114.0900,110.1900,112.0100,1113358
2021-10-01,112.9600,115.1400,111.4800,114.5700,774551
2021-09-30,113.2700,114.2200,112.3500,112.6200,784325
2021-09-29,114.0000,114.8800,112.0800,112.9800,1023664
2021-09-28,114.7000,114.9900,112.5550,113.0000,1443471
2021-09-27,114.0500,116.1200,111.9600,115.9100,1144858
2021-09-24,112.0700,114.9700,111.9400,114.9200,1344831
2021-09-23,109.4600,113.0650,109.2500,112.9400,1215651
2021-09-22,106.0400,108.9700,106.0400,108.5900,1348342
2021-09-21,106.9200,108.1000,105.7300,105.9000,1518947
2021-09-20,107.4300,107.8000,104.8900,106.1500,1452561
2021-09-17,109.3700,110.0300,107.5100,109.1600,27197347
2021-09-16,107.4700,110.1050,107.0800,109.1700,1507969
2021-09-15,106.6600,108.0000,105.8500,107.6100,1337340
2021-09-14,109.8700,110.4900,105.8900,106.9600,1979109
2021-09-13,110.0600,110.7200,108.7000,109.7500,1290418
2021-09-10,113.5200,113.8350,109.8100,109.8500,605141
2021-09-09,112.7000,114.9400,112.0600,112.3500,840561
2021-09-08,115.5900,115.9200,112.8200,113.2100,1191323
2021-09-07,116.1000,116.7000,114.1600,116.1100,1901901
2021-09-03,113.6400,116.2800,113.5100,115.9600,602591
2021-09-02,113.4900,114.1900,113.3300,114.0700,484633
2021-09-01,112.6400,113.7500,112.3200,113.2200,583161
2021-08-31,111.6400,112.9300,111.1900,112.3500,867455
2021-08-30,111.2000,112.1000,109.8200,111.4500,490965
2021-08-27,110.0700,111.4600,109.7900,110.7500,645638
2021-08-26,110.0000,110.8300,109.1600,109.3100,572248
2021-08-25,109.5700,109.9450,108.5100,109.7500,448444
2021-08-24,108.2300,109.8600,108.2300,109.2900,606257
2021-08-23,106.6000,108.8200,106.4100,108.2800,632914
2021-08-20,105.1800,106.7100,105.1800,106.2000,434644
2021-08-19,104.8300,105.9700,104.2100,105.2200,478223
2021-08-18,105.3000,106.2075,105.1500,105.4300,623484
2021-08-17,106.1500,106.1500,104.4100,105.6100,481231
2021-08-16,103.7800,107.0200,103.7800,106.4200,693769
2021-08-13,107.5000,107.7874,105.6300,106.3800,412128
2021-08-12,105.7000,107.6400,104.6200,107.2300,580433
2021-08-11,104.6800,105.5850,103.1300,105.4000,2712175
2021-08-10,106.8300,108.7400,104.6800,105.7300,1825910
2021-08-09,103.1100,107.7100,102.5300,106.4000,1358899
2021-08-06,98.9300,102.6300,97.9000,102.5000,957317
2021-08-05,97.5400,99.3800,93.3200,98.7400,1554500
2021-08-04,98.0000,100.3800,97.5650,100.0000,1290487
2021-08-03,98.3000,98.7500,96.5300,97.5700,712311
2021-08-02,98.9400,99.6750,98.0800,98.5200,821282
2021-07-30,97.0500,99.6200,97.0500,98.4000,492214
2021-07-29,98.4500,99.6200,98.0100,98.1200,361952
2021-07-28,99.0900,99.6750,97.8600,98.5900,386328
2021-07-27,99.4900,99.5650,96.7600,98.4200,485573
2021-07-26,100.2300,100.2300,97.7100,99.5900,290125
2021-07-23,99.1600,100.7500,99.0150,100.3500,270917
2021-07-22,97.9700,98.8000,97.0000,98.8000,815348
2021-07-21,97.2100,97.7200,96.2500,97.4100,709176
2021-07-20,96.4900,98.3800,95.3400,97.6000,855116
2021-07-19,93.6400,95.8100,93.5300,95.6500,408946
2021-07-16,96.1700,97.1100,95.1100,95.3100,318271
2021-07-15,96.2100,96.3100,94.3250,95.4000,450730
2021-07-14,96.9800,97.4000,95.2700,96.0100,814610
2021-07-13,95.7900,97.1400,95.2575,95.8400,497856
2021-07-12,99.4800,99.8500,95.7300,96.1600,801569
2021-07-09,98.5000,99.3400,97.3550,99.2200,404222
2021-07-08,96.7500,98.7500,95.5544,98.1100,479111
2021-07-07,100.5400,100.5400,98.4900,98.8300,402752
2021-07-06,98.1800,100.0400,97.8600,99.2300,449536
2021-07-02,96.8500,97.9100,96.2900,97.8800,320854
2021-07-01,95.5200,96.7300,94.9500,96.1100,775747
2021-06-30,97.9500,99.7500,95.8000,95.9200,991965
2021-06-29,99.4300,101.0000,98.7800,99.9700,753441
2021-06-28,98.9200,99.8300,98.4600,99.1000,622208
2021-06-25,97.4100,98.3200,95.9000,98.0500,2819303
2021-06-24,97.1800,98.2000,96.4701,97.0000,1035651
2021-06-23,93.8200,96.3450,93.6900,96.0400,1111507
2021-06-22,93.0000,94.2100,92.3200,94.0000,772707
2021-06-21,91.3000,92.8500,90.0600,92.4100,680383
2021-06-18,89.2200,91.7300,88.8100,91.3000,1206921
2021-06-17,85.0200,89.1000,85.0200,89.0500,992854
2021-06-16,84.9500,86.9500,84.0500,85.7100,1045960
2021-06-15,84.5900,86.4200,83.9500,84.5400,1303780
2021-06-14,89.0900,89.9200,88.4700,89.1300,887104
2021-06-11,87.8400,88.8800,87.3700,88.8100,546702
2021-06-10,86.2600,87.8000,85.8650,87.7100,755231
2021-06-09,86.7100,87.5400,85.9750,86.2100,560043
2021-06-08,87.1900,87.7700,86.0300,86.0800,587990
2021-06-07,86.0400,86.3900,85.1000,86.1100,870234
2021-06-04,85.0200,86.4600,85.0200,86.4300,580259
2021-06-03,86.0600,87.0300,84.2700,84.7400,939943
2021-06-02,88.5200,89.0600,86.8300,87.0300,662929
2021-06-01,89.2700,89.7900,87.5900,88.5400,658472
2021-05-28,90.5000,90.5000,89.2100,89.4600,605131
2021-05-27,89.5500,89.9100,87.3800,89.5800,1146852
2021-05-26,89.3000,90.1500,88.6200,89.6300,800189
2021-05-25,90.0000,90.2600,88.1300,88.3700,647999
