timestamp,open,high,low,close,volume
2021-10-14,248.1150,251.3400,247.1001,247.4100,6625510
2021-10-13,239.3000,243.5300,238.6700,242.7300,5422801
2021-10-12,237.7500,240.3200,234.0800,237.4100,5800287
2021-10-11,238.4900,240.7200,232.0000,232.3300,7632272
2021-10-08,249.3000,251.4400,238.1200,238.4900,8488297
2021-10-07,246.0900,251.6500,244.9200,249.1600,9170897
2021-10-06,231.9700,241.0000,231.3300,239.1200,7079553
2021-10-05,226.9100,239.1400,226.2600,235.9800,9928190
2021-10-04,235.6100,236.2850,222.9200,226.2500,12376667
2021-10-01,239.4400,242.0500,236.8800,239.2900,5934560
2021-09-30,236.6900,243.2700,236.2700,239.8400,5474019
2021-09-29,245.5200,246.2400,235.2201,236.0400,7323712
2021-09-28,252.5100,252.8500,241.6200,242.7000,11052230
2021-09-27,258.1000,259.8600,255.7932,258.1100,4683153
2021-09-24,263.9900,264.9700,257.9100,262.5000,6958900
2021-09-23,263.4900,268.1700,262.7000,266.7200,7837891
2021-09-22,253.0000,261.7900,252.2900,261.0700,6270964
2021-09-21,252.8200,254.0999,249.8300,251.3000,4658653
2021-09-20,245.3300,251.7200,244.6100,250.2300,5861465
2021-09-17,256.0600,257.2700,252.3800,255.7900,5893621
2021-09-16,248.8000,255.4900,247.4800,255.0900,5795078
2021-09-15,247.7300,248.9000,245.0700,248.8000,4092159
2021-09-14,249.1000,253.4200,245.6800,247.0500,4940366
2021-09-13,248.7400,248.8400,237.9100,246.6800,7879068
2021-09-10,253.0100,254.7500,247.3800,247.9000,6509321
2021-09-09,256.0000,258.6300,251.3800,251.5400,5606223
2021-09-08,264.7600,265.0000,251.7300,254.7200,10481768
2021-09-07,270.0800,270.4500,263.7500,265.8300,5679829
2021-09-03,266.5400,270.6300,263.6800,269.7400,4908525
2021-09-02,272.3700,274.3700,265.4700,265.9400,5224640
2021-09-01,269.0100,273.1500,267.9400,268.2500,3941962
2021-08-31,273.5000,276.1400,266.2600,268.0700,6309250
2021-08-30,271.0000,273.8700,268.5001,271.9200,6348103
2021-08-27,262.0000,270.4838,261.6153,268.0100,4646212
2021-08-26,268.0000,268.0000,260.9400,262.1300,4314383
2021-08-25,269.5300,270.3250,266.2200,267.5700,3428707
2021-08-24,272.4000,274.1880,269.1300,270.1700,4258055
2021-08-23,267.7100,273.5000,267.0700,270.4400,6071292
2021-08-20,257.1400,263.5000,257.0850,263.0500,4749643
2021-08-19,256.8400,260.4799,254.1400,257.3500,5121004
2021-08-18,261.5400,266.6667,259.0800,259.6600,4705093
2021-08-17,260.9800,264.2500,257.9100,260.8800,5707835
2021-08-16,266.3500,267.3799,257.6000,263.4000,6550548
2021-08-13,269.9500,271.9100,266.4600,267.8800,4246145
2021-08-12,270.4500,272.8400,265.5500,268.5900,5215901
""
2021-08-11,277.7600,281.3400,269.6150,271.0900,8018190
2021-08-10,280.0100,283.5900,272.6401,273.0800,6694815
2021-08-09,272.9900,286.5200,270.6300,279.7300,10561694
2021-08-06,279.5100,285.8600,273.1000,275.1000,9490663
2021-08-05,265.6000,289.2300,264.7700,281.8100,19413650
2021-08-04,268.0000,268.3900,261.0000,266.4200,10241437
2021-08-03,270.4300,274.9500,261.7500,269.4900,21445072
2021-08-02,247.9300,280.8750,247.0100,272.3800,45730624
2021-07-30,249.2800,254.3600,244.3500,247.2600,7566513
2021-07-29,255.5100,261.8300,254.5300,255.2800,4615810
2021-07-28,254.0300,259.8700,250.7700,258.6100,4698860
2021-07-27,261.2800,261.8600,245.0570,251.7300,7828102
2021-07-26,264.9700,265.7400,260.4000,261.9900,5928282
2021-07-23,261.8500,267.7700,261.2800,264.0000,6374083
2021-07-22,256.9300,262.5688,256.5000,260.5900,6660077
2021-07-21,246.2800,258.5000,244.8000,257.2500,9068901
2021-07-20,234.6100,247.6900,232.2000,246.4700,8851602
2021-07-19,231.9100,234.0200,225.2800,233.6900,7309999
2021-07-16,238.7000,241.7700,234.4000,237.5200,7879883
2021-07-15,239.8300,241.6213,233.1100,235.1600,7143467
2021-07-14,244.3500,246.1899,238.4800,239.0000,6188270
2021-07-13,243.3500,247.4900,239.8400,241.4300,6304526
2021-07-12,243.5800,247.2200,241.7805,243.3500,5722683
2021-07-09,239.0000,241.9599,235.5600,241.8900,5404636
2021-07-08,238.7500,239.0000,230.6000,235.9000,7683000
2021-07-07,250.0000,254.7800,244.3100,244.6400,7238276
2021-07-06,241.3100,249.3700,241.3100,246.7000,6252170
2021-07-02,243.0000,245.4100,239.3600,241.0800,4403474
2021-07-01,242.8200,245.0500,237.8000,241.8500,5627948
2021-06-30,248.0800,248.7900,243.3400,243.8000,6655458
2021-06-29,247.8400,251.9100,246.1407,248.8700,6186846
2021-06-28,241.7000,247.7298,241.7000,246.6000,7372311
2021-06-25,243.1900,244.8700,237.1500,239.9400,7614834
2021-06-24,244.3000,248.9000,243.0100,244.1500,8165694
2021-06-23,236.9000,243.0000,236.8600,238.7000,8165471
2021-06-22,232.8900,236.2782,229.8065,235.9700,6748942
2021-06-21,234.9100,235.6600,228.8200,233.8900,6628926
2021-06-18,235.0300,239.9600,233.0000,237.0500,8518347
2021-06-17,223.7900,237.8399,223.5900,236.1300,10830215
2021-06-16,226.1500,229.1200,220.1100,225.1100,9088948
2021-06-15,231.1500,233.2100,226.0000,227.7500,9437416
2021-06-14,223.0500,231.4500,221.6400,230.9500,11591734
2021-06-11,218.1000,222.7899,218.0000,219.3400,7533159
2021-06-10,211.0100,217.6300,209.8000,217.1400,7575807
2021-06-09,216.9300,217.9459,210.0600,210.2100,6817943
2021-06-08,218.0000,221.4100,212.2100,214.1200,6074024
2021-06-07,214.2500,217.3100,211.6500,216.9500,5770770
2021-06-04,212.5100,218.2808,211.7400,213.6900,8988498
2021-06-03,218.8700,219.9400,211.2500,211.4300,7255738
2021-06-02,221.3300,224.8799,219.4900,220.4100,7147510
2021-06-01,223.5400,227.0650,218.5770,221.9500,6902884
2021-05-28,221.8800,225.9000,221.6500,222.5200,6779787
2021-05-27,222.3800,223.3900,217.6600,220.9000,8555693
2021-05-26,218.0400,223.8300,215.8000,222.3400,11914389
2021-05-25,212.0700,219.0900,211.7700,216.2000,14778974
