timestamp,open,high,low,close,volume
2021-10-14,77.8200,80.9800,77.8200,80.9400,418211
2021-10-13,75.6700,77.6600,75.3400,77.1400,454828
2021-10-12,73.9900,75.7100,73.5100,75.2000,1046734
2021-10-11,76.1200,76.6200,73.7800,73.8000,292134
2021-10-08,79.3500,79.3500,76.2100,76.2800,195188
2021-10-07,80.0000,81.4200,79.4700,79.6000,262623
2021-10-06,75.4400,79.3000,75.3300,79.2400,507297
2021-10-05,76.0000,77.0200,75.6900,76.4000,389198
2021-10-04,81.6000,81.6000,75.5300,76.0000,588500
2021-10-01,80.2800,82.4000,79.8100,81.7400,350753
2021-09-30,81.7400,82.8000,79.6600,80.1400,501975
2021-09-29,83.9900,83.9900,81.3600,82.0600,375129
2021-09-28,87.0100,87.0100,83.3700,83.4000,294123
2021-09-27,86.4100,87.2600,85.3500,87.2300,310234
2021-09-24,86.8500,87.5200,85.9500,87.5100,226088
2021-09-23,85.4000,87.4400,84.7400,87.0300,271607
2021-09-22,85.9100,86.0100,83.5500,84.7300,393252
2021-09-21,85.0400,86.4600,85.0400,85.5800,471263
2021-09-20,85.8200,85.8200,83.7500,84.7600,349034
2021-09-17,85.9300,87.5500,85.1800,87.1200,663161
2021-09-16,83.9100,85.5200,83.5000,85.2200,557061
2021-09-15,83.4300,84.0000,82.7200,83.6600,468183
2021-09-14,84.8300,84.8300,83.3900,84.0000,513555
2021-09-13,87.1700,87.1700,84.1100,84.8300,444643
2021-09-10,87.6100,88.6200,86.1400,86.3800,314051
2021-09-09,88.2000,88.9800,87.3600,87.3600,389242
2021-09-08,88.9600,89.8400,88.0900,88.7600,586999
2021-09-07,90.5600,91.3000,89.5100,89.6000,309581
2021-09-03,89.5300,91.1200,89.2600,90.6100,269893
2021-09-02,90.8500,92.3400,89.9500,90.3400,409134
2021-09-01,88.5700,90.6400,88.5700,90.2500,372960
2021-08-31,87.4100,88.3800,86.9531,88.0900,292015
2021-08-30,87.9800,88.1250,86.8800,87.2000,350378
2021-08-27,83.7100,88.4700,83.7100,87.6900,439813
2021-08-26,83.9700,85.0100,83.0850,83.6800,345280
2021-08-25,84.0000,85.1000,83.6400,84.5100,356664
2021-08-24,83.0000,84.3300,82.5900,84.0100,408265
2021-08-23,80.9300,82.4600,80.9300,82.4300,303157
2021-08-20,80.4800,81.8400,80.4300,80.9200,553603
2021-08-19,80.4000,81.7400,79.9150,80.5000,607536
2021-08-18,79.1600,81.2700,78.7600,80.9300,648312
2021-08-17,77.9500,79.0399,76.9000,78.9800,443976
2021-08-16,79.6700,79.8450,78.1000,78.7300,345942
2021-08-13,80.6600,81.2400,79.7800,80.3100,481849
2021-08-12,83.1900,83.4900,81.2000,81.2600,319599
2021-08-11,83.9800,84.0500,82.0400,83.4900,407084
2021-08-10,87.7000,88.1700,83.6780,83.7500,470945
2021-08-09,89.5000,89.5100,87.0000,87.3500,644346
2021-08-06,92.4400,92.8900,89.7500,89.9600,600019
2021-08-05,95.4600,96.1500,92.3100,92.4400,898308
2021-08-04,98.2050,100.3000,97.3500,98.8200,310292
2021-08-03,100.3200,100.5550,97.2100,98.4100,368622
2021-08-02,103.8500,105.1700,100.3800,100.6000,494297
2021-07-30,103.9100,105.1950,103.3000,103.3100,202949
2021-07-29,105.1400,105.5600,104.4000,104.4600,167756
2021-07-28,104.3000,105.4300,104.1300,104.5000,213274
2021-07-27,104.7500,105.6055,101.8000,103.8400,347507
2021-07-26,105.0500,105.0500,103.5100,104.6200,205024
2021-07-23,105.2100,105.6200,104.5000,104.8700,118122
2021-07-22,104.8300,105.5250,103.9500,104.8700,121817
2021-07-21,103.6200,105.7400,103.2100,104.8400,284758
2021-07-20,100.3500,104.2700,99.2600,103.2100,493253
2021-07-19,97.4000,100.1500,96.3800,99.4800,335909
2021-07-16,98.4200,99.7800,98.0200,99.0200,175726
2021-07-15,99.0400,99.9401,96.8000,97.5800,226382
2021-07-14,102.2300,102.6500,99.5700,99.6800,459494
2021-07-13,101.4200,103.1600,101.4200,102.1800,268303
2021-07-12,103.3900,103.8200,101.6600,102.1600,198939
2021-07-09,102.1500,103.1700,101.2900,103.0000,195414
2021-07-08,102.1900,103.2300,100.0100,102.2800,330350
2021-07-07,104.8000,105.3300,102.9400,104.1000,448610
2021-07-06,104.0000,104.7500,102.8400,103.9200,292967
2021-07-02,104.5000,104.8500,103.2800,103.8300,178961
2021-07-01,102.5900,104.0300,102.5700,103.5700,303486
2021-06-30,105.3000,106.5000,102.5800,102.5800,290422
2021-06-29,106.4000,106.7300,105.2400,106.0100,222829
2021-06-28,106.2800,106.7600,104.9400,106.5300,269543
2021-06-25,108.4600,108.8900,105.4500,105.7500,640543
2021-06-24,108.2700,108.7700,107.2800,108.1000,221115
2021-06-23,106.6300,107.9100,106.1400,107.3500,396136
2021-06-22,105.2100,107.1600,104.7900,106.6000,520154
2021-06-21,103.8100,105.6400,101.7700,105.4600,405023
2021-06-18,103.9900,104.8500,102.8200,103.9000,633449
2021-06-17,100.2600,104.8200,100.2600,104.0400,396705
2021-06-16,101.7900,103.0270,99.7000,101.0700,492169
2021-06-15,101.6900,102.4000,100.9100,102.0100,534235
2021-06-14,101.8700,102.3300,100.0700,102.0900,582771
2021-06-11,97.6600,101.3400,97.6200,101.3100,468846
2021-06-10,94.9400,97.7200,94.7000,97.6200,450556
2021-06-09,95.8100,96.8200,94.4300,94.9500,507659
2021-06-08,96.8300,97.1800,94.5700,95.4700,529152
2021-06-07,94.9300,96.4400,94.7501,96.0100,321782
2021-06-04,95.7600,96.8000,94.8500,95.2300,374358
2021-06-03,94.6100,95.6600,93.6700,95.0900,433056
2021-06-02,95.4000,96.3000,94.6000,95.3900,311267
2021-06-01,95.2000,95.5900,93.2700,95.3700,403885
2021-05-28,96.5000,97.4000,94.9000,94.9300,416549
2021-05-27,96.3200,96.8500,94.9500,95.9000,318205
2021-05-26,95.8400,96.7300,94.7650,96.7000,486761
2021-05-25,95.8400,96.6600,94.9700,95.1000,378090
