timestamp,open,high,low,close,volume
2021-10-14,40.9050,40.9050,39.9600,40.1900,23626
2021-10-13,40.5500,40.8200,40.4200,40.7800,11628
2021-10-12,40.2600,41.0600,39.9900,40.4800,20317
2021-10-11,41.2500,41.3850,40.0000,40.5100,33236
2021-10-08,43.0100,43.0100,41.0300,41.1700,27833
2021-10-07,42.0100,43.3221,42.0100,43.0800,41960
2021-10-06,41.1460,42.0500,41.0100,41.9000,22032
2021-10-05,40.7300,41.5700,40.7300,41.3000,47169
2021-10-04,40.4300,41.0900,40.0000,41.0000,45032
2021-10-01,40.6100,40.9980,39.3300,40.5300,32464
2021-09-30,39.9600,40.7400,39.7400,40.6100,54865
2021-09-29,39.5900,40.0800,39.3000,39.8700,19163
2021-09-28,38.7500,39.6050,38.5750,39.1900,33517
2021-09-27,38.5000,39.4550,38.5000,39.1100,21624
2021-09-24,38.4900,39.0900,38.3600,38.9500,7352
2021-09-23,37.9500,38.9900,37.7300,38.8400,31644
2021-09-22,37.8300,38.6800,37.5000,37.9200,21181
2021-09-21,38.1200,38.8800,37.6500,37.6500,90779
2021-09-20,38.5600,38.9900,37.5501,37.6700,80917
2021-09-17,38.5000,39.0500,37.5400,39.0300,129076
2021-09-16,36.5600,39.2400,36.5600,38.2000,99631
2021-09-15,36.2300,37.9000,36.1000,36.5300,63401
2021-09-14,37.6600,37.6700,36.2600,36.2900,24230
2021-09-13,38.9800,38.9800,37.3700,37.3900,15453
2021-09-10,38.6000,39.3073,38.4000,38.6000,26972
2021-09-09,39.0600,39.0800,38.2200,38.4400,35381
2021-09-08,38.9500,39.2500,38.8000,39.1700,33318
2021-09-07,39.0600,39.5000,38.6314,38.9500,29016
2021-09-03,39.1200,39.1200,38.8000,39.0400,16238
2021-09-02,39.3500,39.3500,38.8000,39.0400,23568
2021-09-01,38.6000,39.7900,38.1000,39.0600,18026
2021-08-31,38.6700,38.7700,38.4800,38.5900,38567
2021-08-30,38.8700,39.1743,38.5100,38.5200,25540
2021-08-27,38.2100,39.3700,38.2100,39.2000,29662
2021-08-26,37.3700,38.3600,37.2100,37.9700,24074
2021-08-25,37.2000,37.5200,36.4200,37.3000,25475
2021-08-24,37.2500,37.2500,36.3400,37.1100,27543
2021-08-23,37.7500,38.0000,37.0001,37.2400,30681
2021-08-20,35.5400,37.8500,35.5400,37.7400,61340
2021-08-19,35.0000,35.6600,34.8000,35.6600,27113
2021-08-18,35.2000,35.6699,34.9100,34.9800,21920
2021-08-17,35.1800,35.7800,34.8500,35.2000,26542
2021-08-16,35.2300,35.5600,34.6338,35.3500,20379
2021-08-13,35.9300,35.9900,35.1450,35.2200,27435
2021-08-12,35.2300,35.6200,35.1000,35.4800,25784
2021-08-11,34.9100,35.5500,34.3400,35.5500,30133
2021-08-10,35.3660,35.3660,33.8000,34.6600,18970
2021-08-09,35.3300,35.5800,34.3300,34.5200,13939
2021-08-06,35.8400,35.8400,34.3500,35.6000,40604
2021-08-05,35.0000,35.8500,34.1000,35.5400,43109
2021-08-04,32.6000,33.4000,32.6000,33.1900,23863
2021-08-03,33.6450,33.6899,32.3752,33.0200,14162
2021-08-02,34.0000,34.6800,32.7800,32.9400,21848
2021-07-30,33.7900,34.3800,33.4600,33.7900,25690
2021-07-29,34.6200,34.6200,33.5700,33.8700,15867
2021-07-28,33.3800,34.8400,33.3700,34.5900,27676
2021-07-27,33.0200,33.3099,32.1600,32.9100,16990
2021-07-26,32.5400,34.2100,31.7500,33.1400,44827
2021-07-23,31.9800,32.7599,31.9800,32.4800,9278
2021-07-22,32.6700,33.0000,32.0100,32.5800,20280
2021-07-21,31.7800,33.0000,31.7800,32.5600,41997
2021-07-20,31.2900,32.3000,31.2000,31.7500,53855
2021-07-19,31.2300,31.4600,30.5284,31.2900,28636
2021-07-16,31.9100,32.6100,31.6600,31.6600,29647
2021-07-15,31.3000,32.0000,31.1500,31.8500,45677
2021-07-14,31.3800,31.9720,31.2200,31.4900,27639
2021-07-13,31.8600,31.8800,31.0200,31.0700,33883
2021-07-12,32.1200,32.1200,31.5500,31.8000,23053
2021-07-09,32.1200,32.1999,31.5500,31.9200,16966
2021-07-08,31.5000,32.0000,31.2600,31.9500,52057
2021-07-07,32.1800,32.4800,31.8800,32.0300,23120
2021-07-06,31.5200,32.4700,31.4500,32.2800,43587
2021-07-02,31.7000,31.9999,31.2500,31.5600,70736
2021-07-01,31.6900,31.8400,30.7800,31.6900,95163
2021-06-30,31.1200,31.7900,30.8600,31.4600,78059
2021-06-29,30.9700,31.3700,30.5450,31.2600,40852
2021-06-28,30.8900,31.3095,30.5200,30.7900,86277
2021-06-25,31.1000,31.1200,30.5300,30.6000,121541
2021-06-24,30.7950,31.3250,30.6300,31.0000,26644
2021-06-23,31.0000,31.5200,30.5600,30.6000,38134
2021-06-22,30.8800,31.2300,30.7550,30.8000,37776
2021-06-21,31.5000,31.6400,30.7700,30.8000,59893
2021-06-18,31.0000,31.4802,31.0000,31.3400,60357
2021-06-17,31.8300,32.0600,31.0800,31.1500,71866
2021-06-16,32.4600,32.6200,32.0100,32.0200,67890
2021-06-15,33.5000,33.5000,32.3900,32.7400,29946
2021-06-14,33.3000,33.7275,33.3000,33.3200,19630
2021-06-11,33.5500,33.8300,33.1100,33.3500,23475
2021-06-10,33.0800,33.8500,32.8800,33.3700,34451
2021-06-09,33.1000,34.2150,33.1000,33.7700,27283
2021-06-08,33.2100,33.8300,32.7800,33.1800,44631
2021-06-07,32.4000,33.4000,32.4000,32.9500,49686
2021-06-04,31.0000,32.7200,30.6510,31.9500,131609
2021-06-03,31.5000,31.5574,30.8800,31.0100,138745
2021-06-02,32.6500,32.9477,31.1100,31.4900,101517
2021-06-01,33.3300,33.5000,32.3300,32.6400,47903
2021-05-28,33.6000,33.8500,32.6000,32.6700,138879
2021-05-27,35.1600,35.2700,33.6500,33.7600,143445
2021-05-26,35.7000,36.2000,34.6800,35.3600,25423
2021-05-25,35.8400,36.4900,35.5000,35.5500,44881
