timestamp,open,high,low,close,volume
2021-10-14,1.5800,1.6050,1.5800,1.6000,134608
2021-10-13,1.6000,1.6200,1.5799,1.6000,129483
2021-10-12,1.6100,1.6200,1.5900,1.6000,126805
2021-10-11,1.5900,1.6200,1.5800,1.6000,119016
2021-10-08,1.6100,1.6700,1.5600,1.5800,221700
2021-10-07,1.6100,1.6300,1.6000,1.6200,107376
2021-10-06,1.6100,1.6100,1.5500,1.5900,90784
2021-10-05,1.6000,1.6400,1.5900,1.6000,210824
2021-10-04,1.6200,1.6300,1.6000,1.6100,113241
2021-10-01,1.6500,1.6600,1.6200,1.6300,89773
2021-09-30,1.6300,1.6800,1.6300,1.6300,118074
2021-09-29,1.6300,1.6499,1.6300,1.6400,50846
2021-09-28,1.6300,1.6800,1.6300,1.6400,138047
2021-09-27,1.6300,1.7000,1.6200,1.6600,174082
2021-09-24,1.6300,1.6514,1.6300,1.6300,104548
2021-09-23,1.6800,1.6900,1.6400,1.6700,204182
2021-09-22,1.6700,1.6801,1.6300,1.6700,166442
2021-09-21,1.6300,1.6400,1.6000,1.6000,258581
2021-09-20,1.7200,1.7400,1.6100,1.6300,332212
2021-09-17,1.8100,1.8200,1.7400,1.7400,445036
2021-09-16,1.8300,1.8700,1.8000,1.8100,209878
2021-09-15,1.8900,1.9000,1.7900,1.8500,661259
2021-09-14,1.9100,1.9200,1.9000,1.9200,48808
2021-09-13,1.9300,1.9450,1.9000,1.9200,76802
2021-09-10,1.9700,1.9700,1.9000,1.9100,123337
2021-09-09,1.9000,1.9800,1.9000,1.9300,197038
2021-09-08,2.0200,2.0200,1.9000,1.9400,377934
2021-09-07,2.0300,2.0600,1.9300,2.0300,529117
2021-09-03,2.0200,2.0400,1.9800,2.0400,77680
2021-09-02,2.0300,2.0700,2.0000,2.0200,132521
2021-09-01,2.0500,2.0800,1.9900,2.0100,344382
2021-08-31,2.0000,2.0500,1.9700,2.0300,142480
2021-08-30,1.9300,2.0000,1.9100,1.9900,194232
2021-08-27,1.8900,1.9500,1.8800,1.9300,97985
2021-08-26,1.9000,1.9100,1.8789,1.9000,116377
2021-08-25,1.9600,1.9600,1.8800,1.8800,156493
2021-08-24,2.0000,2.0100,1.9600,1.9800,180955
2021-08-23,1.8800,2.0000,1.8800,1.9800,180486
2021-08-20,1.8100,1.9200,1.8100,1.8700,107819
2021-08-19,1.8700,1.8800,1.8000,1.8400,142233
2021-08-18,1.9100,1.9100,1.8400,1.8900,94955
2021-08-17,1.9200,1.9350,1.8800,1.8850,211310
2021-08-16,2.0000,2.0300,1.9100,1.9200,284975
2021-08-13,2.0500,2.0500,1.9800,2.0100,155953
2021-08-12,2.1200,2.1300,2.0377,2.0500,123806
2021-08-11,2.0389,2.2400,2.0323,2.1700,373494
2021-08-10,2.1600,2.1600,2.0300,2.0500,78673
2021-08-09,2.0100,2.1600,2.0035,2.1200,235124
2021-08-06,1.9800,2.0450,1.9800,2.0200,74808
2021-08-05,1.9500,2.0000,1.9451,1.9900,146529
2021-08-04,1.9904,2.0100,1.9316,1.9500,155357
2021-08-03,2.0400,2.0400,1.9500,1.9900,229739
2021-08-02,2.0400,2.0650,2.0000,2.0100,202058
2021-07-30,2.0000,2.1000,1.9800,2.0300,292138
2021-07-29,2.0300,2.0500,1.9750,1.9800,173110
2021-07-28,1.9300,2.0100,1.9300,1.9900,264835
2021-07-27,2.0100,2.0500,1.9100,1.9100,641240
2021-07-26,2.0100,2.0889,2.0000,2.0100,652308
2021-07-23,2.1500,2.1827,2.0500,2.0800,630161
2021-07-22,2.1600,2.3300,2.1400,2.2500,533667
2021-07-21,2.1500,2.2100,2.1500,2.2000,105049
2021-07-20,2.0500,2.1500,2.0400,2.1400,202735
2021-07-19,2.0300,2.1200,2.0300,2.0800,202515
2021-07-16,2.1300,2.1300,2.0700,2.0800,277951
2021-07-15,2.0600,2.1200,2.0400,2.1100,197459
2021-07-14,2.1600,2.1600,2.0911,2.1000,205890
2021-07-13,2.1400,2.2200,2.0987,2.1600,251920
2021-07-12,2.0700,2.1500,2.0400,2.1100,310243
2021-07-09,2.0600,2.1200,2.0500,2.0700,231698
2021-07-08,2.0500,2.1000,2.0300,2.0500,227525
2021-07-07,2.1700,2.1800,2.0573,2.1000,474487
2021-07-06,2.2500,2.2500,2.1500,2.2000,376717
2021-07-02,2.2800,2.3009,2.1900,2.2400,459790
2021-07-01,2.3400,2.3800,2.3000,2.3000,333765
2021-06-30,2.3000,2.5000,2.2500,2.3700,1042550
2021-06-29,2.3500,2.3800,2.3000,2.3100,184974
2021-06-28,2.3300,2.3800,2.2800,2.3600,275502
2021-06-25,2.3800,2.3800,2.2900,2.3000,169906
2021-06-24,2.2600,2.3400,2.2300,2.3400,216576
2021-06-23,2.2000,2.2700,2.2000,2.2600,222731
2021-06-22,2.1700,2.2200,2.1600,2.2200,277882
2021-06-21,2.2300,2.2300,2.1700,2.2100,345559
2021-06-18,2.2700,2.3500,2.2100,2.2300,596499
2021-06-17,2.2800,2.3400,2.2500,2.2800,455201
2021-06-16,2.2000,2.3201,2.2000,2.2600,538242
2021-06-15,2.3900,2.3900,2.2000,2.2100,667641
2021-06-14,2.3900,2.4500,2.3400,2.3600,1046292
2021-06-11,2.6800,2.7500,2.3000,2.3400,1953959
2021-06-10,2.5600,2.9000,2.5000,2.7600,1659058
2021-06-09,2.6600,2.6700,2.5150,2.5500,475637
2021-06-08,2.3400,2.6800,2.3100,2.6400,855555
2021-06-07,2.2900,2.3100,2.2400,2.2900,198245
2021-06-04,2.3000,2.3200,2.2600,2.3100,306589
2021-06-03,2.3200,2.3300,2.2200,2.2600,238090
2021-06-02,2.4100,2.4500,2.3300,2.3500,339171
2021-06-01,2.2600,2.4800,2.2600,2.4500,472777
2021-05-28,2.3100,2.3800,2.2400,2.2600,245780
2021-05-27,2.2900,2.4000,2.2800,2.3300,390628
2021-05-26,2.3300,2.3713,2.3000,2.3400,352902
2021-05-25,2.2600,2.3400,2.2600,2.3000,177178
