timestamp,open,high,low,close,volume
2021-10-14,116.2700,120.6600,115.3100,116.2400,2378127
2021-10-13,111.4300,115.7000,111.3000,114.8300,2805498
2021-10-12,106.1100,112.9000,106.0000,110.1500,3468368
2021-10-11,103.7900,108.1699,102.2500,105.9000,1194774
2021-10-08,111.5600,111.7500,104.3101,105.4500,1783745
2021-10-07,109.9800,111.8800,108.1700,108.8700,2450649
2021-10-06,102.5200,110.3000,101.1300,108.1900,3563607
2021-10-05,100.3400,104.3099,100.0000,103.1600,1474946
2021-10-04,100.8100,103.6659,98.5100,99.8500,2314461
2021-10-01,104.1300,104.3000,98.0600,101.8700,2667777
2021-09-30,103.6600,106.0000,101.5900,103.8400,2349618
2021-09-29,106.3200,108.8000,103.2000,103.2300,3302768
2021-09-28,110.1500,111.1000,101.0900,102.2500,5822483
2021-09-27,118.0000,118.6461,113.7500,113.9900,2790264
2021-09-24,123.1500,124.2100,118.2000,120.0200,2440472
2021-09-23,121.9000,124.8500,118.1801,124.4800,2949791
2021-09-22,112.6800,120.5400,112.5000,119.4900,2528123
2021-09-21,120.9200,122.0800,111.3300,113.7800,4745609
2021-09-20,115.5900,119.0000,113.0000,118.9000,4544623
2021-09-17,118.9900,121.3800,115.1200,118.2600,7971594
2021-09-16,109.0000,119.9900,108.9500,117.8600,7953980
2021-09-15,107.0000,109.5500,103.7100,109.3200,3484777
2021-09-14,102.4800,106.5000,101.8601,106.5000,2445902
2021-09-13,100.9600,107.1000,99.9800,101.4500,4000276
2021-09-10,98.0000,102.7000,97.6000,97.6100,2776057
2021-09-09,92.1700,98.2899,92.1100,97.3600,2265319
2021-09-08,93.6700,95.3500,91.0300,92.0900,1799250
2021-09-07,94.0900,97.2300,91.5900,94.5300,2827811
2021-09-03,88.4400,94.8100,88.4000,93.8500,4674290
2021-09-02,87.8900,90.3400,78.3099,89.1600,7751028
2021-09-01,75.8300,79.1900,74.1800,77.2800,2130760
2021-08-31,77.4000,77.5000,74.8900,75.5500,1666231
2021-08-30,79.0000,79.0000,76.0300,77.8700,1266975
2021-08-27,76.1900,78.7900,75.3700,77.3900,1234466
2021-08-26,76.5900,77.5000,73.3800,74.8300,888405
2021-08-25,75.0700,76.9800,73.5700,76.6300,1050603
2021-08-24,78.3700,80.2799,75.1700,75.9000,1564577
2021-08-23,74.9500,78.5250,73.4400,77.1800,1007633
2021-08-20,75.0500,76.1900,72.8300,74.4000,1716201
2021-08-19,75.9400,77.4200,74.5700,74.9800,1160466
2021-08-18,76.3100,79.9000,76.0001,77.9000,1306799
2021-08-17,73.2650,77.0000,72.2200,76.1700,1163208
2021-08-16,76.3500,76.6900,71.7000,74.5600,1116172
2021-08-13,78.1500,78.1800,75.3278,76.4300,1319385
2021-08-12,73.9500,80.7399,73.2100,78.8000,2135324
2021-08-11,73.6400,75.0100,72.2800,74.4700,753879
2021-08-10,75.0000,75.9399,71.5200,72.3600,1002061
2021-08-09,75.7000,76.5920,74.0100,74.6600,1040214
2021-08-06,77.4200,78.1400,73.5800,75.7000,1231100
2021-08-05,73.0200,78.9800,72.6300,78.1000,1466452
2021-08-04,72.0000,73.7000,71.7100,72.9000,841576
2021-08-03,71.1000,73.8700,70.7400,72.3300,751278
2021-08-02,71.0600,72.5900,68.1800,71.3100,938149
2021-07-30,70.6200,71.9500,69.2000,71.0600,814810
2021-07-29,70.3000,72.4000,69.8100,71.2800,845667
2021-07-28,67.0500,70.9000,67.0500,70.1000,1213021
2021-07-27,74.5500,74.8100,63.0100,66.0000,4067904
2021-07-26,72.3300,76.1000,71.3700,74.1500,1493759
2021-07-23,72.9100,73.6499,70.7900,72.3200,1559512
2021-07-22,70.9680,74.4899,70.4600,73.6400,2847026
2021-07-21,69.1100,70.2000,66.1500,69.6900,1555646
2021-07-20,67.0100,68.9600,65.4300,68.3000,1097768
2021-07-19,62.7900,67.1500,61.9700,67.0200,1551886
2021-07-16,67.1800,67.4800,63.9000,64.9800,1359417
2021-07-15,67.4800,68.9300,65.3000,66.5200,1161866
2021-07-14,68.9400,70.1100,67.0700,67.1100,1474053
2021-07-13,67.1900,69.6300,66.5316,68.7800,1455579
2021-07-12,68.9900,69.1900,63.3249,66.9400,2161584
2021-07-09,67.4100,68.5679,66.2700,68.1100,1152544
2021-07-08,65.0000,67.5900,63.8500,66.3900,1682151
2021-07-07,69.0100,69.4800,65.3100,66.8800,2006997
2021-07-06,67.5600,71.0000,67.4000,68.5100,3209924
2021-07-02,62.5000,67.4100,62.1200,67.1600,3076630
2021-07-01,63.1800,64.1900,60.6300,61.3300,1935142
2021-06-30,63.6000,64.3100,62.0300,62.0300,2198512
2021-06-29,63.1500,64.9300,62.4600,63.6800,2792765
2021-06-28,63.0000,64.2600,60.4300,61.4200,2338497
2021-06-25,61.8400,63.8279,61.3100,62.7300,12109484
2021-06-24,58.9000,61.7200,58.6600,59.7500,2655552
2021-06-23,55.5800,60.9500,55.5800,58.6100,3410856
2021-06-22,55.6000,58.3600,54.6906,56.0100,5453897
2021-06-21,57.7000,61.3200,57.2500,59.5700,6055857
2021-06-18,54.7800,57.8600,54.2200,57.8000,6760313
2021-06-17,49.4600,54.8300,49.0000,53.6200,4266045
2021-06-16,47.3400,50.7000,47.0000,49.5100,4080698
2021-06-15,46.0000,47.4700,45.3400,46.8200,1827502
2021-06-14,47.0700,48.4500,46.0900,46.2700,2419745
2021-06-11,45.5000,46.5700,44.5500,46.4700,2445624
2021-06-10,42.4300,46.2100,42.2400,45.9400,5481131
2021-06-09,40.4000,41.5598,39.8100,41.1500,3158000
2021-06-08,38.0600,40.0700,37.7201,39.7200,3261660
2021-06-07,37.4200,41.0709,37.0000,38.5900,4388477
2021-06-04,40.3200,41.3700,38.0100,39.1900,4943751
2021-06-03,36.0700,36.8800,35.2600,36.7900,1380024
2021-06-02,37.0900,37.5400,36.5000,36.8600,798389
2021-06-01,36.7500,37.1200,35.3500,37.0000,639640
2021-05-28,37.0000,37.7000,36.0800,36.7800,674861
2021-05-27,35.8000,36.9500,34.5000,36.8400,2029400
2021-05-26,35.7000,36.8500,35.7000,36.1000,679256
2021-05-25,35.8500,36.3600,35.1100,35.8600,822883
