timestamp,open,high,low,close,volume
2021-10-14,3.9000,3.9000,3.6200,3.6500,1401044
2021-10-13,3.7200,3.9300,3.6700,3.9100,913595
2021-10-12,3.8000,3.8700,3.6600,3.6800,1683671
2021-10-11,3.8900,4.0001,3.8000,3.8400,840497
2021-10-08,3.9300,3.9600,3.8000,3.8400,686005
2021-10-07,3.8000,3.9950,3.7300,3.9000,1190358
2021-10-06,3.6400,3.7400,3.5700,3.6900,808079
2021-10-05,3.6900,3.8200,3.6800,3.7400,546202
2021-10-04,4.0200,4.0500,3.6600,3.7300,1703129
2021-10-01,4.0600,4.1300,3.8900,4.0700,817838
2021-09-30,3.8800,4.1000,3.8600,4.1000,1057629
2021-09-29,4.0600,4.1450,3.8700,3.8900,1477118
2021-09-28,4.2400,4.3600,4.0700,4.0800,1936547
2021-09-27,4.2800,4.3750,4.1700,4.2500,1160828
2021-09-24,4.2100,4.3600,4.1100,4.2800,2617492
2021-09-23,4.4700,4.5400,4.1750,4.2400,1982224
2021-09-22,4.1900,4.6650,4.1900,4.4400,1264574
2021-09-21,4.2000,4.3450,4.1300,4.1400,2029049
2021-09-20,4.2050,4.2150,4.0700,4.1200,1086022
2021-09-17,4.3900,4.4650,4.1500,4.3100,1725770
2021-09-16,4.1300,4.3900,4.0450,4.3600,929131
2021-09-15,4.2800,4.3600,4.0250,4.2200,1870738
2021-09-14,4.4400,4.5000,4.2350,4.3100,1016975
2021-09-13,4.3500,4.6500,4.2200,4.4900,1049367
2021-09-10,4.6500,4.6500,4.3600,4.4000,878762
2021-09-09,4.3000,4.5800,4.2700,4.5400,540256
2021-09-08,4.5900,4.7300,4.2400,4.4500,1736178
2021-09-07,4.7700,4.9150,4.6300,4.6800,1226552
2021-09-03,4.7500,4.7900,4.5200,4.6100,909946
2021-09-02,4.7200,4.8000,4.5700,4.7500,1397329
2021-09-01,4.6500,4.9000,4.6350,4.7000,1351795
2021-08-31,4.2500,4.7100,4.2000,4.7000,3332454
2021-08-30,4.2800,4.3400,4.0600,4.3200,1121939
2021-08-27,4.0200,4.3050,4.0133,4.2400,819328
2021-08-26,4.1800,4.3400,4.0200,4.0700,1867350
2021-08-25,4.4400,4.4400,4.0200,4.2300,2984484
2021-08-24,4.4200,4.5800,4.3300,4.4700,1347290
2021-08-23,4.2000,4.2250,3.9973,4.2200,766435
2021-08-20,4.0900,4.3998,4.0800,4.1700,1243011
2021-08-19,4.2500,4.3400,4.0450,4.0900,1137669
2021-08-18,4.5000,4.6600,4.1300,4.3600,3446832
2021-08-17,4.1900,4.4900,4.0575,4.4900,1835830
2021-08-16,4.6900,4.8400,4.2400,4.2600,1915878
2021-08-13,4.7400,4.9300,4.6400,4.7800,2510885
2021-08-12,4.8900,5.1200,4.7100,4.8100,2608951
2021-08-11,5.2300,5.3700,4.8900,4.9200,2415355
2021-08-10,5.4900,5.6500,5.0250,5.1300,2354713
2021-08-09,5.2800,5.7800,5.2100,5.3100,2080065
2021-08-06,5.5200,5.8300,5.1450,5.2600,2486302
2021-08-05,5.5100,5.8300,5.4050,5.5400,1814265
2021-08-04,6.3200,6.3200,5.3500,5.4200,3765552
2021-08-03,7.9300,7.9300,7.3600,7.4600,751201
2021-08-02,7.9900,8.0650,7.7900,8.0100,622080
2021-07-30,7.9800,8.0500,7.8200,7.9300,730052
2021-07-29,8.2800,8.3400,7.9800,8.1200,1285416
2021-07-28,8.0600,8.4700,7.9400,8.1100,3015643
2021-07-27,8.0000,8.1534,7.6200,7.8300,2722300
2021-07-26,8.5300,8.7900,8.1200,8.2700,1435646
2021-07-23,9.5000,9.5900,8.7200,8.9500,791178
2021-07-22,9.8800,9.9800,9.5800,9.6500,466392
2021-07-21,9.6400,9.8800,9.5300,9.8800,864144
2021-07-20,9.5100,9.6900,9.2600,9.6200,488917
2021-07-19,10.0000,10.0300,9.4700,9.4800,590089
2021-07-16,10.4000,10.4700,10.1200,10.2100,542574
2021-07-15,10.5300,10.7700,10.2256,10.3600,637493
2021-07-14,10.7200,10.8500,10.3200,10.4400,348857
2021-07-13,10.4800,10.7900,10.2372,10.6500,403702
2021-07-12,10.4600,10.6100,10.2300,10.3000,559855
2021-07-09,10.5300,10.6300,10.1500,10.5900,515662
2021-07-08,10.5900,10.7000,9.8300,10.3300,1104738
2021-07-07,11.6900,11.7700,10.7100,10.8600,900710
2021-07-06,11.3500,11.9500,11.3500,11.4800,898332
2021-07-02,11.5900,11.6900,11.3100,11.3100,604312
2021-07-01,12.0100,12.0300,11.6100,11.6600,646441
2021-06-30,12.1500,12.2000,11.8900,12.0200,829333
2021-06-29,12.0000,12.2100,11.7900,12.2100,747298
2021-06-28,11.6000,12.1600,11.5400,11.9700,993408
2021-06-25,11.9200,11.9500,11.4100,11.6000,731896
2021-06-24,11.6400,11.8400,11.4400,11.7500,1043980
2021-06-23,11.5500,11.8000,11.3500,11.5100,2445868
2021-06-22,11.3000,11.4900,11.2300,11.4700,2494254
2021-06-21,11.8400,11.8915,11.2200,11.3900,1316447
2021-06-18,12.0000,12.4200,11.6600,11.9300,8586365
2021-06-17,11.9000,12.1700,11.7200,12.0000,3172882
2021-06-16,12.3100,12.7300,11.7800,11.9000,2374008
2021-06-15,12.7400,12.7700,12.0100,12.0700,1287890
2021-06-14,12.5900,13.0393,12.5000,12.5800,2435068
2021-06-11,12.5600,12.9000,12.3300,12.5200,2358185
2021-06-10,12.7600,12.9300,12.4100,12.5400,2142300
2021-06-09,12.9000,13.0150,12.4500,12.6900,3538408
2021-06-08,13.4600,13.4700,12.6000,12.7100,1498114
2021-06-07,13.4600,13.6600,13.1500,13.2800,1578991
2021-06-04,13.9900,14.2800,13.4700,13.5000,831263
2021-06-03,14.3000,14.6050,13.9600,14.0000,725687
2021-06-02,14.5200,15.0500,14.4100,14.4500,1209347
2021-06-01,14.7200,14.9100,14.3400,14.5000,1179209
2021-05-28,16.5300,16.5300,14.3900,14.4600,2302540
2021-05-27,17.6900,17.7400,15.1401,16.2700,15182507
2021-05-26,18.9500,19.6000,18.5900,18.6800,1347665
2021-05-25,18.5000,19.1700,18.1700,19.0600,1262283
