timestamp,open,high,low,close,volume
2021-10-14,41.5400,42.6800,41.5000,41.9500,869203
2021-10-13,40.5100,41.5900,40.4860,41.2500,790688
2021-10-12,39.5200,40.7300,39.2500,40.1300,719677
2021-10-11,39.1000,39.8600,38.7600,39.3300,666949
2021-10-08,41.0000,41.4000,39.4600,39.4600,803319
2021-10-07,41.0800,41.7500,40.7100,40.8500,742823
2021-10-06,39.6000,40.8700,39.4100,40.3100,827078
2021-10-05,39.9400,41.0100,39.6300,40.1100,851230
2021-10-04,41.9700,41.9700,38.8701,39.5800,1775706
2021-10-01,41.4700,42.4600,40.7000,42.3000,834101
2021-09-30,42.7200,43.7650,41.3700,41.4200,2050286
2021-09-29,43.5000,43.8000,42.1200,42.5500,1043309
2021-09-28,44.1700,44.3000,42.5800,43.0400,2037146
2021-09-27,46.0800,46.0900,44.3400,45.2600,1195549
2021-09-24,46.5400,47.8165,45.5200,46.4200,828049
2021-09-23,46.7600,47.0700,45.5301,46.8600,1580240
2021-09-22,46.4000,47.0300,45.9500,46.5000,1075524
2021-09-21,46.6000,46.9200,45.6100,46.3400,959363
2021-09-20,46.0000,46.9300,45.2600,46.0700,1178651
2021-09-17,47.0100,47.5000,45.9800,47.4900,2392617
2021-09-16,45.0300,46.9200,44.5600,46.6300,2111179
2021-09-15,44.8200,45.6400,43.7720,44.7600,3861125
2021-09-14,44.5900,46.0200,44.4500,44.9000,1780031
2021-09-13,44.4500,44.5900,42.4850,44.3500,1477713
2021-09-10,45.2100,45.5099,43.9100,44.0500,1509668
2021-09-09,45.6100,46.3400,45.2000,45.2700,1751978
2021-09-08,46.6300,47.1400,45.7500,46.0800,1853415
2021-09-07,47.6300,48.4100,46.6000,47.0500,2640974
2021-09-03,49.8750,50.3300,47.3500,47.3800,5442839
2021-09-02,43.9500,44.7200,43.7400,44.3000,1901400
2021-09-01,43.4400,44.3750,43.2600,43.7700,1102916
2021-08-31,42.8400,43.1000,42.1500,42.8000,716730
2021-08-30,42.0000,42.9000,41.5619,42.6400,770301
2021-08-27,40.7100,42.4500,40.3600,41.8400,911593
2021-08-26,41.0400,41.1900,39.4900,40.3500,628158
2021-08-25,41.6100,41.9800,40.6900,40.9300,445331
2021-08-24,40.3600,41.5600,40.1850,41.5500,543616
2021-08-23,38.8800,40.3200,38.7350,39.9900,571348
2021-08-20,38.5900,39.1500,38.4700,38.6300,863537
2021-08-19,38.4800,39.6200,38.2700,38.5400,536892
2021-08-18,38.2800,39.3700,37.6200,38.7800,629034
2021-08-17,38.7200,39.1450,37.5200,38.2000,1200657
2021-08-16,40.0900,40.5000,38.6200,39.2600,842684
2021-08-13,40.4800,40.6700,39.9700,40.4300,490076
2021-08-12,40.5600,41.1900,40.0100,40.5300,475388
2021-08-11,41.0100,41.6200,39.9500,40.8200,619818
2021-08-10,42.5000,42.5653,40.3250,40.6500,739375
2021-08-09,42.3000,43.0300,41.5500,42.2300,411127
2021-08-06,43.0700,43.5623,41.7500,42.4100,477266
2021-08-05,42.3900,43.7000,42.2700,43.4300,516694
2021-08-04,41.7600,42.9800,41.7600,42.3800,625734
2021-08-03,42.0700,42.4800,40.5201,41.6400,596731
2021-08-02,40.6600,42.4800,39.7400,41.9600,979448
2021-07-30,40.6800,41.7700,40.1701,40.5900,729181
2021-07-29,41.1300,41.4900,40.7700,41.0600,706020
2021-07-28,40.5600,41.6900,40.5600,40.9800,915755
2021-07-27,41.0100,41.3300,39.4450,40.4200,1106678
2021-07-26,41.7400,41.7900,40.9101,41.3500,475391
2021-07-23,41.5000,41.6900,40.8500,41.4400,653040
2021-07-22,41.4600,42.1700,41.0150,41.4600,696735
2021-07-21,40.1400,41.5700,39.3000,41.4200,1127862
2021-07-20,39.3900,40.7500,38.9100,40.2000,1259263
2021-07-19,37.4900,39.1700,36.8600,39.0000,993252
2021-07-16,38.5600,39.1400,38.1400,38.4500,815616
2021-07-15,39.5600,40.1299,37.6400,38.0800,1075963
2021-07-14,40.9400,41.3529,39.2300,39.5100,932587
2021-07-13,41.6500,42.2500,40.7100,40.8300,809145
2021-07-12,44.1900,44.7000,41.9800,42.0400,1135615
2021-07-09,42.4700,43.9400,41.6200,43.8400,1180186
2021-07-08,40.2300,43.0300,39.5800,42.7600,1172954
2021-07-07,42.2000,42.4500,40.4500,41.3700,1048710
2021-07-06,42.0700,43.0300,41.6800,42.0000,2062937
2021-07-02,42.8200,43.4600,42.0200,42.2100,1380551
2021-07-01,42.4600,43.6400,41.9600,42.3900,1221293
2021-06-30,44.3800,44.6000,42.5600,42.5800,1767858
2021-06-29,45.8500,45.9800,44.4500,44.6200,933094
2021-06-28,45.2000,46.0100,44.3700,45.5500,1261341
2021-06-25,45.0000,46.1600,44.5800,45.1100,10301828
2021-06-24,45.8700,46.4700,44.2500,44.8100,1512352
2021-06-23,44.9000,46.0800,44.8100,45.6100,893948
2021-06-22,43.4600,45.0700,43.1600,44.9000,1145936
2021-06-21,43.5600,44.1600,42.0600,43.7100,1149386
2021-06-18,42.4600,44.0800,42.0500,43.7200,1703648
2021-06-17,39.8700,42.8000,39.8700,42.2000,2416288
2021-06-16,40.6500,41.5800,39.4180,40.4700,2332125
2021-06-15,40.8300,41.4963,40.2300,40.6300,927858
2021-06-14,40.8200,41.3438,40.0600,40.9600,869273
2021-06-11,39.8200,40.4900,39.3600,40.4400,800077
2021-06-10,38.7300,40.3525,38.3400,39.8900,1180636
2021-06-09,39.2400,40.0800,38.8600,38.9400,1093714
2021-06-08,37.7300,39.3500,37.6400,38.9300,1650195
2021-06-07,35.3200,37.1100,34.9800,36.9700,2144211
2021-06-04,38.6400,39.8200,34.9300,35.3600,5773528
2021-06-03,41.2900,41.6900,39.9800,40.6300,1375236
2021-06-02,40.2900,42.2900,39.8600,42.0400,1054842
2021-06-01,40.6500,41.2900,38.6700,40.3600,1094060
2021-05-28,41.5200,42.3700,40.4700,40.6500,896521
2021-05-27,40.3400,41.7500,39.3400,41.1400,1968463
2021-05-26,39.0700,41.0488,38.8900,40.8400,1459232
2021-05-25,37.5200,39.0593,37.2600,38.6400,1519462
