timestamp,open,high,low,close,volume
2021-10-14,51.7700,53.4000,51.1900,52.5200,7903305
2021-10-13,51.8000,52.0600,51.4922,51.5700,5879589
2021-10-12,51.0500,51.6600,50.3100,51.4100,5760602
2021-10-11,51.3500,51.8700,50.8200,50.9300,4633039
2021-10-08,52.0400,52.9050,51.4850,51.6400,4846266
2021-10-07,51.2100,52.4700,51.0500,51.8100,6395793
2021-10-06,49.1500,50.9200,49.0100,50.3600,5441455
2021-10-05,49.9900,50.7400,49.4600,50.0000,8936117
2021-10-04,52.2900,52.3100,49.2300,49.6200,10998957
2021-10-01,52.3100,54.0300,52.1200,52.6200,8106777
2021-09-30,50.5700,51.6000,50.3250,50.9500,5889964
2021-09-29,52.4600,52.8000,50.3100,50.3700,6129485
2021-09-28,52.7500,53.1600,51.0500,51.9500,8644827
2021-09-27,53.4500,53.7700,52.2700,53.7700,5751314
2021-09-24,53.6200,54.4700,53.2100,54.2000,5257521
2021-09-23,54.0500,55.0900,53.8750,54.0200,5474345
2021-09-22,51.6400,54.6000,51.3500,54.1800,8236469
2021-09-21,53.0000,53.4800,51.3500,52.4200,10160109
2021-09-20,53.7500,53.9900,51.5600,52.5100,10210021
2021-09-17,54.5400,55.0000,54.0500,54.7700,8633156
2021-09-16,53.9900,54.5700,53.3700,54.2100,4538752
2021-09-15,54.5100,54.5100,53.1500,54.2300,5205318
2021-09-14,55.1000,55.5900,54.1000,54.4300,5105375
2021-09-13,54.2500,55.3200,52.6400,55.1300,9783286
2021-09-10,55.5000,55.9900,54.2300,54.2400,4547361
2021-09-09,54.3700,55.4150,53.8900,55.1200,6448548
2021-09-08,55.7000,56.2500,54.3900,54.4100,7321112
2021-09-07,56.7000,56.9400,55.0200,55.7400,7128298
2021-09-03,56.9200,56.9200,55.7200,56.5900,4614703
2021-09-02,57.1500,57.5500,56.7100,56.8800,7414733
2021-09-01,55.5200,58.1600,55.5200,56.9900,8898545
2021-08-31,56.3600,56.8300,55.3700,55.5700,12320884
2021-08-30,56.8100,57.0000,55.3600,56.4900,7770078
2021-08-27,57.0500,57.4500,56.6500,57.2200,8341603
2021-08-26,56.2100,57.7800,56.1500,57.2400,10002233
2021-08-25,55.1500,56.2290,54.7600,56.1700,6834533
2021-08-24,55.2200,55.3600,54.4500,55.1800,5199067
2021-08-23,53.9200,54.9700,53.8016,54.7300,6919550
2021-08-20,52.8600,54.2200,52.5800,53.8600,7111830
2021-08-19,53.5500,54.2300,51.9500,52.6000,11088450
2021-08-18,56.0000,56.3700,54.1100,54.1500,9760300
2021-08-17,55.6500,56.2600,54.9500,56.1000,8471256
2021-08-16,56.1000,56.6308,55.0300,56.3100,8918359
2021-08-13,56.8800,57.0933,55.6800,56.0600,8461073
2021-08-12,56.6200,57.2100,56.0200,56.7600,5960418
2021-08-11,57.1500,57.3000,55.6700,56.8000,12342938
2021-08-10,58.9100,59.0011,56.9200,57.2400,11275440
2021-08-09,58.6450,59.4100,57.8100,58.8500,7971945
2021-08-06,59.9900,60.7800,58.3800,58.7800,8960798
2021-08-05,59.6500,60.9000,59.2900,60.3300,10895187
2021-08-04,60.3600,60.9400,58.9500,60.1300,14707779
2021-08-03,57.1700,60.0500,57.1200,60.0100,24964909
2021-08-02,59.3050,59.5999,56.8100,57.1200,25378562
2021-07-30,59.2000,60.8800,58.0100,58.9000,76475501
2021-07-29,76.0000,76.4970,70.3500,72.0400,20426300
2021-07-28,74.9100,76.8700,73.8500,76.6500,7481438
2021-07-27,75.7000,77.2900,73.3150,74.2900,7160876
2021-07-26,76.1500,77.2400,74.8500,76.4900,6937870
2021-07-23,75.6600,77.9200,74.2250,76.9100,15737056
2021-07-22,72.5100,73.0800,71.2600,72.7100,5256362
2021-07-21,70.7800,72.3300,69.9800,72.2300,7435567
2021-07-20,71.6000,71.8913,69.5300,71.4300,7224823
2021-07-19,67.3200,71.6700,66.1700,71.3600,10792030
2021-07-16,70.3500,70.4700,68.3800,68.7300,6412105
2021-07-15,69.7200,72.1100,68.8401,70.0300,7970920
2021-07-14,73.0000,73.4900,69.7200,69.7600,8008149
2021-07-13,72.9900,73.6100,71.3400,72.1100,12357473
2021-07-12,77.2300,77.8900,73.0900,73.3400,12949292
2021-07-09,75.5000,77.1500,74.3200,76.9900,7163986
2021-07-08,75.8300,76.4100,74.1200,75.8800,11042782
2021-07-07,81.1900,81.7700,77.7000,77.7200,7024519
2021-07-06,79.4000,81.6700,79.3900,80.2900,8197724
2021-07-02,79.8600,80.5400,78.7650,79.3100,6732562
2021-07-01,79.3900,80.0250,78.2000,79.8600,7488280
2021-06-30,78.7600,79.2800,77.4200,78.9500,5830001
2021-06-29,78.5500,79.1200,77.4100,78.6700,5510056
2021-06-28,77.3300,78.9900,76.7700,78.8000,7468618
2021-06-25,76.9450,77.4600,75.2000,76.8400,15657464
2021-06-24,75.5500,76.7900,74.8100,76.2800,8455175
2021-06-23,73.5000,75.2200,73.3100,74.7900,8483730
2021-06-22,71.3400,73.6500,71.2300,73.1600,9047268
2021-06-21,73.1400,73.2511,70.0200,71.1300,14161792
2021-06-18,73.1700,74.5800,72.8700,74.1900,14347197
2021-06-17,69.0000,73.4800,69.0000,73.1400,13446008
2021-06-16,70.5400,71.6000,68.7000,69.6600,11092977
2021-06-15,68.7900,71.3000,68.0800,70.5400,20100530
2021-06-14,68.5000,70.0000,67.9450,68.6700,8206778
2021-06-11,68.2000,69.0800,67.8900,68.1800,7284927
2021-06-10,66.3600,68.4150,66.0650,68.2500,7729478
2021-06-09,66.0400,67.5900,65.9300,66.1200,7873038
2021-06-08,66.0000,68.1050,65.5500,66.0400,9752005
2021-06-07,62.8800,65.4600,62.0200,65.4300,7293055
2021-06-04,63.0500,63.6900,62.6300,62.8900,4927450
2021-06-03,63.7000,64.3300,62.4200,62.6100,5534876
2021-06-02,64.3900,64.4800,63.1900,64.0700,7326381
2021-06-01,66.0000,66.6300,63.8800,64.3700,6973381
2021-05-28,64.7500,65.8500,64.4600,65.3000,9627841
2021-05-27,63.0000,64.7000,62.0600,64.3000,9377688
2021-05-26,62.2250,63.4600,60.8400,62.9400,12483295
2021-05-25,63.1300,64.5150,62.7500,63.7600,8825520
