timestamp,open,high,low,close,volume
2021-10-14,25.1800,25.3800,25.0700,25.2500,1606875
2021-10-13,24.5400,25.0150,24.4100,25.0000,1411529
2021-10-12,24.7700,24.8000,24.3700,24.4900,1326182
2021-10-11,24.6700,24.7700,24.3600,24.5900,1831401
2021-10-08,25.5100,25.5900,24.7000,24.7700,1528211
2021-10-07,25.7700,25.9500,25.4550,25.4900,1187500
2021-10-06,25.2400,25.6400,25.0950,25.6300,1319111
2021-10-05,25.4200,25.4750,25.2100,25.3700,1047801
2021-10-04,25.6000,25.6000,25.0500,25.3100,702464
2021-10-01,25.4700,25.7850,25.1889,25.6700,997885
2021-09-30,25.8300,25.9600,25.3500,25.3900,1829104
2021-09-29,25.3000,25.8900,25.2400,25.7000,1449226
2021-09-28,25.0200,25.2950,24.6600,25.1100,2184677
2021-09-27,26.1600,26.1600,25.2400,25.3500,1499636
2021-09-24,26.2100,26.3300,25.8600,26.2300,1078454
2021-09-23,26.2200,26.3600,26.0000,26.2500,1376184
2021-09-22,25.8300,26.2050,25.7500,26.1300,985888
2021-09-21,25.9700,26.1600,25.8500,25.8900,1539618
2021-09-20,26.1700,26.4600,25.4900,25.8500,3155517
2021-09-17,26.7200,27.0300,26.4900,26.5900,4176932
2021-09-16,26.4000,26.9100,26.3900,26.7200,1502290
2021-09-15,26.1500,26.5100,26.1300,26.4300,1469663
2021-09-14,26.2200,26.3600,25.8950,26.1000,1308911
2021-09-13,26.1400,26.2900,26.0100,26.2000,1635228
2021-09-10,26.1700,26.3700,25.8200,26.0500,1483720
2021-09-09,26.5500,26.6200,26.0200,26.0900,2049336
2021-09-08,26.1900,26.8550,26.1800,26.5400,2588345
2021-09-07,26.1100,26.2600,25.9000,26.1400,1651017
2021-09-03,25.8900,26.2800,25.8700,26.0400,1911406
2021-09-02,25.3500,26.0850,25.2100,25.9300,2409011
2021-09-01,24.7900,25.3950,24.7900,25.3300,1876629
2021-08-31,24.7500,25.0100,24.6800,24.8100,1585487
2021-08-30,24.3600,24.7600,24.3000,24.7000,1296057
2021-08-27,24.3800,24.4700,24.1900,24.3600,1858688
2021-08-26,24.3600,24.5000,24.1900,24.4300,1836100
2021-08-25,24.1000,24.3600,24.0050,24.1700,1242387
2021-08-24,24.0300,24.3200,23.7100,24.2100,2798680
2021-08-23,23.8200,24.1300,23.8200,24.0000,1721001
2021-08-20,23.6500,23.9700,23.4100,23.8000,2475055
2021-08-19,23.0800,23.6800,23.0700,23.6700,2619742
2021-08-18,23.2300,23.3650,22.9600,23.0900,1981651
2021-08-17,23.7200,23.7200,23.0050,23.2800,2280497
2021-08-16,24.0000,24.0000,23.7250,23.8200,2180605
2021-08-13,24.0300,24.0800,23.6700,23.9500,1771196
2021-08-12,24.2400,24.4400,24.0300,24.1300,2605216
2021-08-11,24.4900,24.5900,24.1200,24.3100,2513780
2021-08-10,25.0000,25.0000,24.3800,24.5300,2670299
2021-08-09,24.2800,25.0200,24.0502,24.9200,6168537
2021-08-06,25.3900,25.6100,23.9800,24.3200,10267681
2021-08-05,20.2800,20.3800,20.1500,20.3100,2278758
2021-08-04,20.7300,20.7469,20.2600,20.3500,1173658
2021-08-03,20.7750,20.9450,20.6200,20.7300,1022854
2021-08-02,20.8400,20.8900,20.5550,20.7700,853148
2021-07-30,20.2200,20.9000,20.2200,20.6600,2111850
2021-07-29,20.5500,20.8300,20.3900,20.4300,1097714
2021-07-28,20.5800,20.6700,20.5050,20.5600,4048075
2021-07-27,20.6100,20.6500,20.2600,20.5500,1365484
2021-07-26,20.7800,20.8900,20.6400,20.7000,1776019
2021-07-23,20.8750,20.8750,20.4500,20.7600,1423924
2021-07-22,21.0800,21.1200,20.7900,20.8500,1635475
2021-07-21,20.8400,21.1700,20.7300,20.9700,2596168
2021-07-20,20.7500,21.0800,20.7000,20.9700,1693734
2021-07-19,20.5500,20.8000,20.5200,20.7200,2109528
2021-07-16,20.8100,20.8700,20.6400,20.6800,1730220
2021-07-15,20.6400,20.8000,20.5250,20.7600,1889672
2021-07-14,20.8900,20.9700,20.6100,20.6100,5938931
2021-07-13,21.0800,21.1800,20.7950,20.8400,1198496
2021-07-12,21.1700,21.3200,20.9850,21.1800,1141036
2021-07-09,21.0500,21.1200,20.8100,21.1200,1160654
2021-07-08,21.1200,21.2400,21.0200,21.1200,840765
2021-07-07,21.3400,21.5700,21.1400,21.3900,1113884
2021-07-06,21.2600,21.3850,21.1612,21.2600,1969040
2021-07-02,21.4000,21.5000,21.2100,21.3000,1073060
2021-07-01,21.0900,21.3650,21.0400,21.2900,1296586
2021-06-30,21.2100,21.2750,21.0000,21.1100,2520383
2021-06-29,21.0900,21.4600,20.9900,21.3500,1340894
2021-06-28,21.3700,21.4600,21.1200,21.1800,1033726
2021-06-25,21.0500,21.2850,20.8000,21.2500,3619261
2021-06-24,21.4600,21.6200,21.0900,21.1000,1900695
2021-06-23,21.8100,21.8150,21.4100,21.4600,1423006
2021-06-22,21.6600,21.7900,21.6000,21.7600,1315807
2021-06-21,21.8800,21.9200,21.5100,21.7000,1894760
2021-06-18,21.8400,21.9850,21.7200,21.9200,2088699
2021-06-17,21.5700,21.9800,21.5500,21.8500,2449261
2021-06-16,21.3000,21.6600,21.2600,21.6100,2208070
2021-06-15,21.5000,21.6000,21.2000,21.3000,1699902
2021-06-14,21.5000,21.5950,21.2900,21.4700,3042831
2021-06-11,21.2500,21.4900,21.1800,21.4400,1585788
2021-06-10,20.7900,21.3600,20.6900,21.3600,2193234
2021-06-09,20.9500,21.0950,20.7600,20.7800,1973764
2021-06-08,20.9700,21.0803,20.7900,20.8300,3722589
2021-06-07,20.3400,20.9800,20.3100,20.8900,3965380
2021-06-04,19.9500,20.3000,19.9400,20.2600,2875912
2021-06-03,19.2900,19.8950,19.2470,19.8800,3750971
2021-06-02,19.0000,19.5600,18.9800,19.3900,3712721
2021-06-01,18.7800,19.0000,18.3900,18.9700,2295639
2021-05-28,19.1100,19.3600,18.8350,18.8700,7557163
2021-05-27,19.2000,19.2800,18.8550,18.9800,2844038
2021-05-26,19.1700,19.4300,19.0850,19.3500,2897776
2021-05-25,19.0700,19.3150,19.0100,19.1500,1986992
