timestamp,open,high,low,close,volume
2021-10-14,77.0600,77.2300,75.7250,76.6400,12928442
2021-10-13,76.1500,76.3094,74.3000,74.9500,9998856
2021-10-12,74.1200,75.9800,73.5300,75.2600,13691128
2021-10-11,74.6500,75.5999,73.5000,73.5300,8990840
2021-10-08,76.9100,77.4100,74.7400,75.0000,8909211
2021-10-07,74.3600,77.4100,74.1000,76.2800,15547412
2021-10-06,72.3700,74.5000,71.3200,73.1300,10927331
2021-10-05,72.1800,73.9100,71.7900,73.4100,11896491
2021-10-04,74.0300,74.2000,69.9700,71.2300,18142552
2021-10-01,74.8200,75.8900,73.4400,75.2500,11689733
2021-09-30,72.9200,75.2473,72.2400,73.8700,17174750
2021-09-29,75.3000,76.0900,71.5600,71.7600,18633723
2021-09-28,78.5400,79.4100,73.8900,74.4200,23531889
2021-09-27,82.0000,82.6100,79.3200,80.0800,18493258
2021-09-24,78.9400,83.3400,78.1100,83.1100,29039000
2021-09-23,78.9700,80.1000,77.4600,79.3700,20944593
2021-09-22,74.3700,79.6400,74.0200,78.6000,26999240
2021-09-21,72.7600,76.3700,72.6000,76.0900,18129598
2021-09-20,72.3750,73.1400,70.1090,71.7300,13834883
2021-09-17,72.4200,75.6300,72.4000,74.7600,20939332
2021-09-16,73.2900,73.4100,71.5200,72.4800,16878499
2021-09-15,71.3300,73.6200,70.3700,73.6200,10890142
2021-09-14,71.6900,72.7900,70.8100,71.3100,11082990
2021-09-13,75.6100,75.6100,69.8200,71.2600,19913384
2021-09-10,75.2500,75.9900,74.2750,74.5000,9219246
2021-09-09,74.1100,75.6656,73.5400,74.6200,10564282
2021-09-08,76.2200,76.7000,73.2300,74.1300,11538930
2021-09-07,75.8300,76.8400,74.0520,76.4900,11741251
2021-09-03,73.9200,75.4700,72.9300,75.0800,9241093
2021-09-02,74.6000,76.2000,73.6000,73.9200,12180175
2021-09-01,75.9800,77.2500,73.6900,74.1700,15642339
2021-08-31,74.8600,77.8800,74.1000,76.1100,18475208
2021-08-30,73.3000,75.0000,71.7800,74.5100,8825255
2021-08-27,72.1800,73.8800,71.6600,73.1200,10123753
2021-08-26,74.7200,74.9500,71.5120,71.6100,19872363
2021-08-25,74.3100,74.9760,73.4900,74.6900,7901376
2021-08-24,75.8200,76.3700,73.7200,74.6300,9663823
2021-08-23,74.0100,75.9300,73.6700,75.5000,11055928
2021-08-20,71.2000,72.9699,70.8000,72.7200,8615044
2021-08-19,70.5000,72.5450,70.4000,70.8600,8874468
2021-08-18,71.2900,73.3800,71.0000,71.9600,8067627
2021-08-17,71.0900,72.6100,70.0500,71.8100,12077439
2021-08-16,74.0300,74.7900,69.9000,72.4400,19358106
2021-08-13,75.2900,75.8500,74.0601,74.6200,7134022
2021-08-12,76.3800,76.8800,75.0100,75.2600,8038462
2021-08-11,76.4100,77.7800,75.6700,76.5300,10099145
2021-08-10,78.3500,80.8500,75.5000,75.8000,19735544
2021-08-09,75.7000,78.2800,74.7900,78.1500,12418954
2021-08-06,76.3900,78.5500,75.6000,75.9800,10733583
2021-08-05,75.8200,78.1100,74.5500,77.3200,17293982
2021-08-04,73.0000,77.3500,72.3800,76.9000,19408645
2021-08-03,73.8600,75.6888,71.8700,73.3800,17770519
2021-08-02,74.3000,75.3500,73.2900,73.5000,10369496
2021-07-30,74.0100,75.8700,73.6200,74.4200,16173674
2021-07-29,75.8800,77.3800,74.7100,74.9200,15645731
2021-07-28,74.5000,76.6100,72.6300,76.1600,20878526
2021-07-27,75.5600,76.9500,71.8300,73.9700,33077179
2021-07-26,77.2400,78.7400,74.2700,76.3200,50598499
2021-07-23,74.1400,79.1800,74.0000,77.9700,116232820
2021-07-22,62.8200,63.7400,61.8101,62.9700,28021786
2021-07-21,62.0900,63.6400,61.8200,63.3900,11132551
2021-07-20,60.5900,63.0600,59.2300,62.3300,16588678
2021-07-19,57.8800,60.3200,57.4800,59.5800,13686692
2021-07-16,61.2150,62.2600,58.2600,59.3100,22747548
2021-07-15,61.6400,62.6300,59.7500,60.5000,14524496
2021-07-14,64.5100,64.8100,62.0800,62.4700,11786337
2021-07-13,64.7500,65.4700,63.4200,63.9500,9182042
2021-07-12,65.9000,66.2500,64.2400,64.7900,8624006
2021-07-09,62.5000,65.8900,62.4300,65.8100,17119701
2021-07-08,62.9200,64.3875,61.6000,61.9600,17680880
2021-07-07,69.6100,69.9400,65.1000,65.1300,17460301
2021-07-06,69.6850,70.2400,68.1300,69.0600,16369267
2021-07-02,68.1200,69.0350,67.6842,68.4900,10762022
2021-07-01,68.5800,69.2900,66.6800,67.6600,14710450
2021-06-30,66.8500,68.8300,66.6000,68.1400,11060113
2021-06-29,66.5200,68.1668,66.1400,67.5700,10093728
2021-06-28,67.7600,67.9000,65.7600,66.2200,13671602
2021-06-25,68.1100,68.5200,66.6800,67.6700,11112489
2021-06-24,67.9400,69.3500,66.6600,67.6500,27664085
2021-06-23,63.2000,67.0700,63.1000,66.3500,25658723
2021-06-22,63.6200,64.5900,62.2800,62.9300,13034309
2021-06-21,63.0600,64.1200,61.1100,63.6000,11216790
2021-06-18,61.8000,64.6299,61.6500,63.1700,19813146
2021-06-17,59.6300,63.0600,59.6200,62.2900,12760387
2021-06-16,62.4100,63.2900,59.4400,60.2000,18450541
2021-06-15,63.0600,63.3900,62.0600,62.2800,11037462
2021-06-14,64.5600,65.6600,63.2300,63.5700,14734594
2021-06-11,62.9500,65.0700,62.3300,64.0900,22211220
2021-06-10,61.2000,62.7500,60.8000,62.6300,10696915
2021-06-09,60.5300,62.8600,59.9800,61.7700,16440647
2021-06-08,61.7000,62.1200,59.2600,60.1500,13150076
2021-06-07,60.9900,61.5700,59.7100,61.3700,9017128
2021-06-04,61.0000,61.5550,60.4300,61.0000,11817681
2021-06-03,61.7800,62.0550,59.8800,60.6000,15009068
2021-06-02,62.7600,63.6900,61.1300,62.7900,16490782
2021-06-01,62.9000,63.8400,61.8600,63.6900,18210055
2021-05-28,61.0750,62.6500,61.0750,62.1200,11239184
2021-05-27,60.3000,61.2800,59.5301,61.0700,11570845
2021-05-26,59.9700,61.3700,59.7000,60.5900,13851985
2021-05-25,60.4200,60.7848,59.0100,59.1500,11633497
