timestamp,open,high,low,close,volume
2021-10-14,33.9700,33.9900,33.9600,33.9600,2613310
2021-10-13,33.9400,33.9700,33.9400,33.9600,1860229
2021-10-12,33.9300,33.9600,33.9300,33.9500,2059737
2021-10-11,33.9200,33.9800,33.9100,33.9300,1680598
2021-10-08,33.9100,33.9500,33.9000,33.9100,2093889
2021-10-07,33.9100,33.9500,33.9100,33.9100,1733436
2021-10-06,33.8800,33.9450,33.8800,33.9000,2111163
2021-10-05,33.8800,33.9200,33.8800,33.9100,1210801
2021-10-04,33.9000,33.9200,33.8600,33.9100,2662133
2021-10-01,33.8900,33.9200,33.8600,33.9200,1614726
2021-09-30,33.8600,33.8900,33.8000,33.8700,3381788
2021-09-29,33.8600,33.8800,33.8500,33.8600,1752789
2021-09-28,33.8500,33.8900,33.8400,33.8500,2388425
2021-09-27,33.8600,33.8900,33.8500,33.8700,1909183
2021-09-24,33.8800,33.9000,33.8600,33.8800,977979
2021-09-23,33.8800,33.8900,33.8500,33.8800,1011620
2021-09-22,33.8400,33.8900,33.8300,33.8500,1301537
2021-09-21,33.8700,33.9200,33.8200,33.8400,2909383
2021-09-20,33.8200,33.8700,33.8000,33.8700,5133608
""
2021-09-17,33.9200,33.9400,33.8600,33.9200,4811162
2021-09-16,33.8500,33.9300,33.8400,33.9100,3139928
2021-09-15,33.8200,33.8900,33.8200,33.8800,7526472
2021-09-14,33.8100,33.8700,33.8000,33.8200,2092602
2021-09-13,33.7800,33.8200,33.7700,33.7900,2701194
2021-09-10,33.8000,33.8900,33.7900,33.7900,2328017
2021-09-09,33.7300,33.7700,33.7200,33.7600,6844436
2021-09-08,33.7500,33.7700,33.7100,33.7300,5208049
2021-09-07,33.7400,33.7900,33.7050,33.7500,10780954
2021-09-03,33.8000,33.8900,33.8000,33.8500,7320328
2021-09-02,33.8000,33.8900,33.7800,33.8700,4209345
2021-09-01,33.7900,33.8900,33.7600,33.7600,1616727
2021-08-31,33.7700,33.8400,33.7700,33.7700,2250304
2021-08-30,33.7700,33.8500,33.7500,33.8300,814286
2021-08-27,33.8000,33.8700,33.7700,33.7700,3135892
2021-08-26,33.7200,33.8400,33.7200,33.7700,1393501
2021-08-25,33.6800,33.8300,33.6500,33.7500,1816396
2021-08-24,33.7000,33.8300,33.6800,33.6800,2882896
2021-08-23,33.7200,33.8800,33.6800,33.7600,2021806
2021-08-20,33.6900,33.7700,33.6200,33.7200,3717902
2021-08-19,33.5300,33.6900,33.5300,33.6500,2930943
2021-08-18,33.5600,33.7000,33.5150,33.5800,2381637
2021-08-17,33.5000,33.5900,33.4500,33.5700,6292134
2021-08-16,33.5400,33.5900,33.5000,33.5000,5109347
2021-08-13,33.5800,33.6400,33.5000,33.5500,3137813
2021-08-12,33.5500,33.6500,33.5500,33.6000,2752014
2021-08-11,33.6500,33.7000,33.5500,33.5800,10810663
2021-08-10,33.7000,33.8200,33.6000,33.6300,5868885
2021-08-09,33.7000,33.7500,33.6500,33.7400,1776575
2021-08-06,33.7500,33.8800,33.5900,33.8500,2711559
2021-08-05,33.6200,33.8050,33.5400,33.7900,2530014
2021-08-04,33.6000,33.8900,33.5500,33.6800,4579121
2021-08-03,33.8000,33.9400,33.5400,33.6300,2667021
2021-08-02,33.7800,33.8800,33.6200,33.8600,2729128
2021-07-30,33.5000,33.9900,33.5000,33.8700,4540962
2021-07-29,33.5100,33.6500,33.4900,33.5500,5225452
2021-07-28,33.6100,33.7100,33.4900,33.5100,8709533
2021-07-27,33.6000,33.7300,33.5500,33.6000,9256456
2021-07-26,33.9100,34.4000,33.4500,33.6000,12932096
2021-07-23,33.9800,34.0800,33.0200,33.3500,812039
2021-07-22,33.4900,34.2350,33.2500,34.1000,1509024
2021-07-21,31.7700,33.4800,31.7700,33.4000,1287807
2021-07-20,30.9800,32.4500,30.5200,32.1000,1074432
2021-07-19,30.1800,31.1300,29.7801,31.0700,958916
2021-07-16,30.9000,31.2500,30.5450,30.7400,908896
2021-07-15,31.0900,31.3800,29.8800,30.5700,862808
2021-07-14,32.0700,32.2400,30.9200,31.0600,638958
2021-07-13,31.6800,32.2700,31.4000,32.0000,677595
2021-07-12,32.5000,33.1100,31.6700,31.9300,903935
2021-07-09,32.4900,32.4946,31.6700,32.4000,470732
2021-07-08,31.2200,32.2200,30.8500,32.0900,1071144
2021-07-07,33.5000,33.7700,31.8700,32.0800,791198
2021-07-06,33.7300,34.5300,33.1000,33.4000,1597576
2021-07-02,33.4400,33.9100,33.1000,33.4200,845493
2021-07-01,33.4700,34.0500,33.0500,33.3100,1066179
2021-06-30,33.6800,34.0300,33.2000,33.7500,1478846
2021-06-29,34.0000,34.4800,33.5600,33.8200,969742
2021-06-28,33.8200,34.4400,33.5600,34.1600,966154
2021-06-25,33.3300,33.9000,32.8000,33.8300,2402978
2021-06-24,33.1000,33.6000,32.9300,33.2900,1107830
2021-06-23,32.7600,34.0600,32.6300,33.0700,1997582
2021-06-22,31.7000,32.7500,31.5600,32.0800,1089161
2021-06-21,31.6600,32.4500,30.7000,31.5500,1154868
2021-06-18,32.0100,32.6700,31.5900,31.8500,2008185
2021-06-17,31.0900,32.4700,31.0900,32.0000,1583548
2021-06-16,30.9700,31.7700,30.6300,31.6100,1148483
2021-06-15,31.7700,32.1500,30.8915,31.1000,1448832
2021-06-14,32.6100,32.6100,31.6000,32.0000,2700038
2021-06-11,28.5100,33.5000,27.8700,33.1100,9552438
2021-06-10,27.8500,28.4400,27.5500,28.3800,1221909
2021-06-09,28.4200,28.7200,27.8100,27.8400,934268
2021-06-08,28.0400,28.6700,27.7783,27.9900,1388353
2021-06-07,28.1000,28.3550,27.3200,27.6100,1400656
2021-06-04,27.8200,28.3300,27.5300,28.2700,959223
2021-06-03,27.2100,29.3000,27.1100,27.5000,1765090
2021-06-02,27.4000,29.0700,27.2000,27.4900,5630648
2021-06-01,25.8300,26.1400,24.8950,25.0700,2623073
2021-05-28,26.2800,26.9510,25.6400,25.6700,1204363
2021-05-27,25.8200,26.3250,25.3600,25.9300,954517
2021-05-26,25.7800,26.2036,25.5600,25.9100,876912
2021-05-25,26.1900,26.6200,25.5000,25.5900,1213714
