timestamp,open,high,low,close,volume
2021-10-14,26.5100,27.0000,26.3100,26.7300,656609
2021-10-13,25.6900,26.3200,25.6900,26.2500,536385
2021-10-12,25.6400,25.8700,25.3000,25.7000,433717
2021-10-11,25.1200,25.9600,25.0800,25.3600,412216
2021-10-08,25.3600,25.9000,25.0900,25.3700,441092
2021-10-07,25.0800,25.8800,25.0200,25.3900,540134
2021-10-06,23.7700,24.8500,23.6200,24.8400,625188
2021-10-05,24.0300,24.3400,23.7800,24.0700,611412
2021-10-04,24.9900,24.9900,23.4200,23.6100,724898
2021-10-01,24.7100,25.3800,24.5500,25.2900,449083
2021-09-30,25.0900,25.5103,24.4100,24.5700,727673
2021-09-29,25.3300,25.6300,25.0400,25.1200,378106
2021-09-28,25.9300,26.5500,25.0200,25.2000,649281
2021-09-27,26.7000,26.8400,26.0700,26.2000,718058
2021-09-24,26.6900,27.0700,26.1800,26.9400,645607
2021-09-23,26.1300,26.8400,25.7300,26.7500,730889
2021-09-22,25.5600,26.0750,25.5600,25.9700,576097
2021-09-21,25.1200,25.6700,24.9700,25.6400,532888
2021-09-20,24.9300,25.2000,24.4300,24.9400,1046852
2021-09-17,25.1300,25.7800,24.9000,25.4100,2567821
2021-09-16,24.6400,25.0200,24.3700,25.0000,794446
2021-09-15,24.7700,25.1750,24.5700,24.7100,915355
2021-09-14,25.3200,25.3950,24.6500,24.7500,1083681
2021-09-13,25.6500,25.8100,25.0200,25.2600,931059
2021-09-10,26.2500,26.6000,25.6000,25.6000,993175
2021-09-09,25.6100,26.8300,25.6100,26.1100,992775
2021-09-08,27.4000,27.5100,25.5100,25.6200,1506545
2021-09-07,27.8500,27.9900,27.3800,27.5600,908433
2021-09-03,26.8000,27.8000,26.5700,27.7900,1090311
2021-09-02,26.2000,26.8100,26.1000,26.6900,695150
2021-09-01,26.0400,26.5900,25.7500,26.2500,822066
2021-08-31,25.7400,26.2500,25.6600,25.9500,757329
2021-08-30,26.0500,26.3400,25.6700,25.7600,759219
2021-08-27,25.9700,26.3300,25.5100,26.0900,1113713
2021-08-26,25.0000,25.7000,24.9300,25.6600,828427
2021-08-25,24.3500,25.1500,24.3300,24.9000,878142
2021-08-24,24.3900,24.7200,24.0100,24.3700,1759395
2021-08-23,23.7000,24.2600,23.6500,24.0900,1082549
2021-08-20,23.8100,24.0900,23.6000,23.7000,642317
2021-08-19,23.5900,24.0900,23.5400,23.7000,656612
2021-08-18,23.7400,24.3300,23.2300,23.7200,1261388
2021-08-17,23.4900,24.0600,23.3600,23.6300,1604251
2021-08-16,23.0100,23.6300,22.5800,23.5000,3427320
2021-08-13,24.7100,25.1200,24.2110,24.5000,704681
2021-08-12,23.7100,25.0000,23.5110,24.7700,798160
2021-08-11,24.0600,24.2900,23.5200,23.7300,884315
2021-08-10,24.0700,24.5000,23.6000,23.9800,620927
2021-08-09,22.9300,24.5800,22.8601,23.9000,1140775
2021-08-06,24.0600,24.4800,22.7800,22.9300,1177838
2021-08-05,26.1300,26.1600,23.5768,23.9800,2859812
2021-08-04,21.8500,22.5100,21.5700,22.3600,932427
2021-08-03,22.1000,22.2025,21.6407,21.9900,420532
2021-08-02,22.1000,22.4800,21.6500,22.1300,416015
2021-07-30,22.2700,22.7300,22.0500,22.0700,480467
2021-07-29,22.7500,22.9600,22.4600,22.5300,333243
2021-07-28,22.3700,22.8700,22.2701,22.7400,253947
2021-07-27,22.7300,22.7300,21.7100,22.2000,393628
2021-07-26,22.7600,23.0450,22.2800,22.7200,475347
2021-07-23,22.9000,22.9500,22.4200,22.6800,1299123
2021-07-22,23.2700,23.6500,22.7950,22.8500,633428
2021-07-21,22.6100,23.5450,22.5500,23.2400,477985
2021-07-20,22.1400,23.0400,21.7679,22.6900,477310
2021-07-19,21.7000,22.2500,21.4500,21.9600,549096
2021-07-16,22.3800,22.6200,22.0300,22.0700,1111894
2021-07-15,22.6400,22.8200,22.1500,22.2900,498292
2021-07-14,23.3400,23.4300,22.5700,22.7400,480757
2021-07-13,23.6600,23.9700,22.9800,23.2300,579029
2021-07-12,24.1900,24.4200,23.7300,23.7400,615982
2021-07-09,24.0000,24.0350,23.5200,23.9700,563028
2021-07-08,22.9900,23.8900,22.7800,23.8700,636052
2021-07-07,23.2400,23.5695,22.7700,23.2800,396561
2021-07-06,22.9000,23.2500,22.7000,22.9700,613972
2021-07-02,23.5000,23.5400,22.4500,22.9300,751671
2021-07-01,22.9000,23.3200,22.4050,23.2800,1141395
2021-06-30,23.3800,23.3900,22.6900,22.9000,704406
2021-06-29,23.7000,23.8000,23.2400,23.3100,568271
2021-06-28,23.9900,24.1000,23.4000,23.6900,671690
2021-06-25,23.7800,23.8900,23.1800,23.8400,2916856
2021-06-24,23.5900,23.8150,23.3400,23.6200,463232
2021-06-23,23.5400,23.7081,23.1300,23.2800,498977
2021-06-22,23.5200,24.0800,23.3500,23.5900,495745
2021-06-21,23.8600,23.9550,23.2850,23.5600,826019
2021-06-18,23.5300,24.0500,23.2300,23.7000,1369674
2021-06-17,22.8300,23.5410,22.5700,23.4500,1387939
2021-06-16,22.6200,22.9400,22.0800,22.7600,1895228
2021-06-15,23.0900,23.1000,22.3114,22.6100,3555770
2021-06-14,24.8600,25.1000,24.4450,24.5600,820037
2021-06-11,24.9900,25.0600,24.5600,24.6900,524298
2021-06-10,25.2100,25.2600,24.6600,24.9400,553099
2021-06-09,25.1600,25.4800,24.9600,25.1400,636823
2021-06-08,25.0000,25.5700,24.7600,25.0100,658929
2021-06-07,24.1800,24.9900,24.0300,24.9500,454661
2021-06-04,24.0100,24.4700,23.9800,24.3400,376566
2021-06-03,24.3700,24.4500,23.8400,23.9200,408684
2021-06-02,24.2500,24.5000,24.0700,24.3400,657120
2021-06-01,24.2500,24.4693,23.6800,24.1100,647293
2021-05-28,24.3400,24.7400,24.0800,24.1100,622402
2021-05-27,24.3900,24.5100,24.0800,24.1800,747852
2021-05-26,24.3800,24.8700,24.3050,24.3900,612094
2021-05-25,25.0000,25.0000,23.8900,24.0900,816862
