timestamp,open,high,low,close,volume
2021-10-14,47.0000,47.3300,46.2400,46.6300,1409846
2021-10-13,45.4300,46.8850,45.0000,46.7600,1956904
2021-10-12,44.4300,45.4400,44.3200,45.0400,1461416
2021-10-11,43.9000,45.2300,43.6500,44.2900,1010794
2021-10-08,45.3800,45.9800,44.2200,44.2400,1450129
2021-10-07,44.2600,45.6969,44.1700,44.9900,1205652
2021-10-06,43.0000,44.5000,42.8100,44.4400,1201611
2021-10-05,43.2000,44.6000,42.7000,43.8500,2231417
2021-10-04,45.2900,45.4399,43.0400,43.1400,2739852
2021-10-01,46.5400,46.8100,44.6000,45.8900,2115875
2021-09-30,45.4700,46.5900,45.1100,46.3400,1975393
2021-09-29,47.0100,47.4900,45.3500,45.3900,2564407
2021-09-28,49.0000,49.0400,46.3100,46.3100,3191657
2021-09-27,49.5300,50.5900,49.3500,49.4400,2102440
2021-09-24,49.4900,49.9900,48.7600,49.4800,1582066
2021-09-23,48.5500,50.2800,48.1500,49.6600,2834137
2021-09-22,47.4300,47.9899,47.1160,47.7600,1712897
2021-09-21,47.5000,48.2000,46.7800,46.7800,2892732
2021-09-20,49.8500,50.0000,46.5600,47.0600,3943924
2021-09-17,49.7300,51.3200,49.6200,50.1200,6862677
2021-09-16,49.7600,51.1500,49.7300,49.8400,3197890
2021-09-15,48.4700,51.1500,47.8400,49.6800,4504534
2021-09-14,48.8100,49.8700,48.1400,48.5000,2393845
2021-09-13,50.2900,50.6400,48.0400,49.0500,3491869
2021-09-10,51.0100,51.9800,50.0100,50.0200,2236578
2021-09-09,50.3500,52.0100,50.0640,50.6400,2807841
2021-09-08,51.1000,51.7499,49.2900,50.6000,2235247
2021-09-07,50.5000,52.2900,50.3000,51.4700,4045035
2021-09-03,47.8100,51.9400,47.8000,50.6100,7058611
2021-09-02,48.4000,49.5000,47.0210,47.6700,11586577
2021-09-01,53.1050,55.5800,52.3700,53.1100,8992958
2021-08-31,51.9500,51.9800,50.2400,51.5400,2578243
2021-08-30,50.9300,52.6700,50.5000,51.2500,2472468
2021-08-27,49.6000,51.3600,49.3700,50.5800,1898850
2021-08-26,49.6900,51.3790,49.3200,49.4100,1651210
2021-08-25,49.9100,50.4400,48.9010,49.7000,1733741
2021-08-24,47.5000,50.2500,47.3592,49.7200,2410470
2021-08-23,46.1000,46.9369,45.0800,46.6400,2499094
2021-08-20,44.7500,46.1400,44.7000,45.5100,2498189
2021-08-19,45.2800,45.8000,44.3500,44.7900,2122906
2021-08-18,46.2000,46.8999,44.7300,46.0800,2304432
2021-08-17,45.9900,46.0400,44.7800,45.9400,2824538
2021-08-16,49.0000,49.1800,45.9000,46.6200,3163576
2021-08-13,51.0600,51.1800,49.1800,49.3800,2228111
2021-08-12,50.7200,51.7500,50.3700,51.4400,982641
2021-08-11,51.5900,51.6300,49.8100,51.0000,1201964
2021-08-10,51.0400,52.1950,50.5100,50.8000,1297129
2021-08-09,48.7500,51.3700,48.7000,50.7000,2003927
2021-08-06,49.3900,49.8799,48.1500,48.8300,2032143
2021-08-05,49.0000,50.1300,48.2700,49.4100,1988924
2021-08-04,49.4100,51.0900,48.9000,49.1400,1914186
2021-08-03,50.1000,50.1000,48.4000,49.8000,2979146
2021-08-02,50.4500,51.3700,49.8594,50.0600,1985848
2021-07-30,51.3200,51.8540,50.1000,50.3500,1332137
2021-07-29,52.9800,53.3700,51.6400,51.6700,1158858
2021-07-28,51.3300,53.2999,51.1700,52.7900,1714558
2021-07-27,51.1000,51.6300,49.2100,50.9100,1810706
2021-07-26,51.4600,52.8200,50.4100,51.5000,1623937
2021-07-23,53.1400,53.2900,51.1100,51.3600,1500771
2021-07-22,54.2300,54.5000,52.5700,53.0800,1211839
2021-07-21,53.6000,54.6407,53.2000,54.0300,1653403
2021-07-20,51.8500,53.4600,50.9600,53.1500,1952376
2021-07-19,50.0000,51.5300,48.9500,51.2100,2603623
2021-07-16,52.3700,52.7700,50.1000,50.6400,4020693
2021-07-15,51.9900,53.4399,50.1700,52.2400,3245663
2021-07-14,55.6000,55.7000,51.2326,51.4400,5225169
2021-07-13,57.0000,57.3300,54.9500,55.1200,2532583
2021-07-12,59.0100,59.1799,56.3400,57.5100,2813441
2021-07-09,58.6100,59.2800,57.3550,59.1900,1728187
2021-07-08,57.1000,58.5000,55.6000,58.5000,1931412
2021-07-07,60.0000,60.2300,57.2500,58.4100,2566863
2021-07-06,60.8400,61.8000,59.2000,59.9900,2169041
2021-07-02,63.7100,64.5000,60.5100,60.5300,2498975
2021-07-01,62.5900,64.4400,61.7000,63.8000,2977982
2021-06-30,64.0300,65.9800,62.2100,62.5300,5190149
2021-06-29,66.5500,67.3700,63.8300,64.4200,3442216
2021-06-28,64.5000,67.3800,64.4800,66.4100,5028654
2021-06-25,62.5000,64.9500,62.3900,64.1500,6705803
2021-06-24,62.1700,63.1400,61.5500,61.8800,3630520
2021-06-23,60.2900,61.8300,59.8000,61.6500,2494957
2021-06-22,57.8300,60.7400,57.6100,60.4900,2928447
2021-06-21,59.0100,59.5700,57.2500,57.8900,3090686
2021-06-18,59.4900,60.5000,58.3200,59.1800,2593100
2021-06-17,57.5700,60.2200,57.2000,59.9000,2840870
2021-06-16,57.0900,58.7500,56.0300,57.9000,3417208
2021-06-15,59.7600,60.3698,56.9000,57.2500,3961631
2021-06-14,61.4000,62.5498,59.4700,60.0000,3910639
2021-06-11,58.3000,60.6300,58.2000,60.5500,3067088
2021-06-10,62.6700,62.6700,57.8000,58.0800,8241387
2021-06-09,64.5100,66.7300,62.0300,62.1000,4415261
2021-06-08,61.1400,65.4999,60.5100,63.2900,8504930
2021-06-07,62.5600,62.8000,58.7800,60.9100,12238345
2021-06-04,67.3100,67.9800,64.3300,64.4300,3889637
2021-06-03,68.0000,70.3000,64.5500,68.2600,6582325
2021-06-02,70.2000,76.8500,69.3000,76.1500,9468719
2021-06-01,62.5000,73.1500,62.5000,71.7600,7995459
2021-05-28,63.4000,65.1990,61.5850,61.7100,1539810
2021-05-27,61.0800,63.8800,58.9614,63.2000,2247231
2021-05-26,58.3000,61.4900,58.1000,61.4300,1304139
2021-05-25,60.8200,60.9500,57.2500,57.8800,1514714
