timestamp,open,high,low,close,volume
2021-10-14,9.4300,9.4500,8.9350,9.0800,2830556
2021-10-13,9.2000,9.5800,8.8500,9.5000,3687773
2021-10-12,9.3000,9.7800,9.1600,9.4200,2522638
2021-10-11,9.7200,9.9550,9.4100,9.4200,3152060
2021-10-08,9.0400,9.6700,8.9600,9.5500,3767835
2021-10-07,8.4100,9.1750,8.4000,9.0700,4871614
2021-10-06,7.5300,8.2300,7.5300,8.1800,3110685
2021-10-05,7.5600,7.9050,7.5200,7.8100,2244649
2021-10-04,7.9000,7.9000,7.5200,7.5600,3573351
2021-10-01,8.3100,8.3749,7.9100,7.9200,2780704
2021-09-30,8.0400,8.4100,7.9300,8.3400,4376462
2021-09-29,8.0200,8.2800,7.9600,7.9700,2373871
2021-09-28,8.4000,8.6500,8.1000,8.1100,2820951
2021-09-27,8.2700,8.5100,8.0500,8.4200,4218263
2021-09-24,8.5900,8.6000,8.2300,8.3400,2325064
2021-09-23,8.7500,8.7800,8.4300,8.6900,2273430
2021-09-22,8.6100,8.9409,8.6100,8.7500,2082349
2021-09-21,8.8500,8.9400,8.5100,8.5700,1885576
2021-09-20,8.9100,9.0700,8.5600,8.7000,2784082
2021-09-17,9.3000,9.3800,9.0700,9.2100,2813904
2021-09-16,9.2100,9.3300,9.0300,9.1600,2105834
2021-09-15,9.2400,9.4000,9.0900,9.3100,3077477
2021-09-14,9.9200,10.1100,9.3000,9.3600,3099509
2021-09-13,9.9100,10.4400,9.5600,10.1000,3361283
2021-09-10,10.0600,10.4200,9.9700,10.0700,2959937
2021-09-09,10.2200,10.2900,9.7300,9.9300,7141682
2021-09-08,10.9600,11.2299,10.5200,10.8400,2890684
2021-09-07,11.1400,11.7500,11.1400,11.4400,2671593
2021-09-03,11.0200,11.4400,11.0200,11.2200,2757455
2021-09-02,11.1900,11.4700,11.0300,11.2400,2279095
2021-09-01,10.7000,11.5100,10.7000,11.2800,4368269
2021-08-31,10.2800,10.8300,10.2010,10.6900,3536004
2021-08-30,9.8700,10.0000,9.4900,9.9900,3129551
2021-08-27,10.5600,10.7700,10.3700,10.3700,2075365
2021-08-26,10.8000,11.0000,10.5900,10.6800,1828161
2021-08-25,10.6800,10.8900,10.3000,10.7400,2595719
2021-08-24,10.3900,11.0050,10.2650,10.9100,6521264
2021-08-23,9.9500,10.0800,9.5150,9.9100,3626639
2021-08-20,9.7000,10.1400,9.5600,9.7100,3603317
2021-08-19,9.3900,9.6600,9.1500,9.5500,3353649
2021-08-18,9.5000,9.8100,9.0500,9.6000,3909574
2021-08-17,9.1000,9.8400,8.8100,9.5000,5554033
2021-08-16,9.9000,10.0300,9.4900,9.5000,4195827
2021-08-13,10.3300,10.3500,10.0400,10.1000,1842424
2021-08-12,10.5900,10.6600,10.2700,10.3000,3148187
2021-08-11,11.1000,11.1100,10.7000,10.7000,2594222
2021-08-10,11.4200,11.5700,10.9000,11.0100,3200328
2021-08-09,10.9800,11.7150,10.9000,11.2900,4433279
2021-08-06,11.4700,11.6650,10.7650,10.7800,5365378
2021-08-05,11.7000,11.8400,11.3800,11.5000,2743930
2021-08-04,12.0900,12.3900,11.7600,11.8200,2361692
2021-08-03,12.3800,12.5100,11.6250,11.8600,4342624
2021-08-02,12.8500,13.1500,12.4100,12.9400,2926381
2021-07-30,12.5000,13.0750,12.4700,12.7900,2339169
2021-07-29,13.1500,13.2100,12.3950,12.7900,2334120
2021-07-28,12.4300,13.0650,12.2600,12.8200,4267819
2021-07-27,12.3900,12.8950,11.7100,11.9600,7294214
2021-07-26,13.0200,13.8000,12.7500,13.1000,4720348
2021-07-23,13.6700,13.8179,13.1100,13.3900,3517809
2021-07-22,14.4800,14.5880,14.0400,14.1500,1291757
2021-07-21,14.1700,14.5900,14.0400,14.4300,2075011
2021-07-20,14.3500,14.4000,13.8000,14.2000,2757973
2021-07-19,15.2400,15.2500,14.3000,14.4100,3474228
2021-07-16,15.7900,15.8400,15.2600,15.3800,2044833
2021-07-15,15.6800,16.1500,15.4000,15.8100,2763648
2021-07-14,15.8800,16.0500,15.2500,15.6800,2683424
2021-07-13,15.0000,15.9450,14.8900,15.7600,4962711
2021-07-12,14.8700,15.1200,14.5950,14.8800,4112735
2021-07-09,15.1700,15.2500,14.6800,15.1300,2550823
2021-07-08,14.9500,15.4600,14.6000,15.0200,7296992
2021-07-07,16.2000,16.2700,15.3700,15.4300,2658142
2021-07-06,16.3500,16.5700,15.6300,16.1600,4724449
2021-07-02,17.0700,17.0990,16.4900,16.5000,1988517
2021-07-01,17.6200,17.7637,16.9300,17.2500,2049907
2021-06-30,17.7300,17.8000,17.4500,17.6500,1865190
2021-06-29,17.4200,17.7300,17.2200,17.6500,2482582
2021-06-28,17.3900,17.6700,17.1500,17.6100,2452787
2021-06-25,17.2200,18.1300,17.1100,17.2500,4133758
2021-06-24,16.8700,17.7900,16.8700,17.2200,7052912
2021-06-23,16.3900,17.1500,16.3900,16.8500,1559649
2021-06-22,16.4600,16.8999,15.8200,16.3000,3311608
2021-06-21,16.7200,16.9700,16.0100,16.4600,1907886
2021-06-18,16.8500,17.1400,16.6800,16.7800,2377701
2021-06-17,16.6900,17.1900,16.5900,16.9600,3114026
2021-06-16,16.2300,16.8450,16.1200,16.5500,2213896
2021-06-15,16.7900,17.0700,15.9200,16.3800,3325470
2021-06-14,16.2900,16.9750,16.1480,16.7200,2736811
2021-06-11,16.1100,16.1800,15.8200,16.0400,2016335
2021-06-10,16.2900,16.8600,15.7900,15.9300,3575793
2021-06-09,17.6500,17.9600,15.9700,16.0200,8494827
2021-06-08,14.9500,16.4050,14.8700,16.3000,7892533
2021-06-07,15.0000,15.0000,14.6500,14.7800,3622578
2021-06-04,15.2700,15.2900,14.7300,14.8600,2486556
2021-06-03,15.0200,15.5100,14.9800,15.0200,4510842
2021-06-02,15.9000,16.0300,14.9800,15.1300,3953241
2021-06-01,15.4900,15.9800,15.3000,15.8200,4091474
2021-05-28,15.2300,15.7200,14.9600,15.3000,5098927
2021-05-27,14.6500,15.0800,14.3700,15.0500,3272993
2021-05-26,14.7800,14.7900,14.4000,14.6700,5067522
2021-05-25,14.7000,15.0500,14.5900,14.6100,3384632
