timestamp,open,high,low,close,volume
2021-10-14,119.7000,121.8600,119.7000,121.8600,419012
2021-10-13,120.1900,120.8000,117.4300,118.1500,335891
2021-10-12,119.0200,120.3425,118.4350,119.2200,325145
2021-10-11,118.9100,120.1450,118.3700,118.4900,269368
2021-10-08,119.0800,119.8200,117.6000,118.7700,520369
2021-10-07,116.9000,120.0325,116.9000,118.8500,520123
2021-10-06,113.6700,116.9300,113.6700,116.8600,458577
2021-10-05,113.3700,114.8600,113.3100,114.7700,427320
2021-10-04,115.1900,115.9800,111.6100,113.1200,904995
2021-10-01,119.3500,120.4400,115.6900,118.4700,543642
2021-09-30,119.0800,119.6500,118.3900,118.8700,419567
2021-09-29,118.1700,119.8700,117.1600,118.8400,545542
2021-09-28,119.7300,120.2100,116.5200,117.7500,516842
2021-09-27,119.5700,121.3900,119.4500,120.5900,518517
2021-09-24,120.9400,122.2800,120.2450,120.6800,321466
2021-09-23,118.1200,121.7000,118.0850,121.0900,567974
2021-09-22,114.5900,118.2400,114.1700,117.5100,695369
2021-09-21,116.0000,117.2000,114.2500,114.3700,402631
2021-09-20,117.0000,117.7100,114.2250,115.7600,536915
2021-09-17,120.8800,120.8800,117.0300,118.7600,1364687
2021-09-16,119.7900,120.8400,118.7300,120.7700,350066
2021-09-15,120.0000,120.7200,119.2100,120.2400,408776
2021-09-14,122.0000,122.1700,119.2800,119.9800,370012
2021-09-13,122.4800,122.6750,119.3200,121.3300,345516
2021-09-10,122.4200,123.2400,121.5800,122.0700,235108
2021-09-09,122.7000,123.4900,121.1600,122.0700,359239
2021-09-08,122.5200,124.1500,121.0200,123.1200,389446
2021-09-07,122.2600,123.9900,120.7725,122.6700,657326
2021-09-03,123.4900,130.9499,120.3600,123.0100,1927592
2021-09-02,119.0000,119.2550,116.6800,118.4400,669500
2021-09-01,118.7500,119.7100,118.0450,118.4600,468866
2021-08-31,119.9300,120.5241,118.4400,118.4600,620099
2021-08-30,118.0000,119.7800,117.4700,119.5700,428233
2021-08-27,116.5200,119.4100,116.5200,118.0000,465191
2021-08-26,115.9000,116.9900,115.4300,116.3200,280710
2021-08-25,117.1300,117.3100,115.9400,115.9600,231035
2021-08-24,115.7700,117.7750,115.7700,117.4200,342538
2021-08-23,113.4200,115.6300,113.4200,115.3400,247003
2021-08-20,110.7300,113.3800,110.2200,113.1600,398299
2021-08-19,110.1800,111.4800,109.8600,110.4800,237383
2021-08-18,110.7600,112.2500,110.1700,110.4200,268494
2021-08-17,110.0100,111.0600,109.4700,110.3300,407432
2021-08-16,112.1300,112.6999,110.4000,110.7000,267365
2021-08-13,111.5300,112.7700,110.9750,112.4800,157793
2021-08-12,111.5700,113.1100,111.2100,111.5500,244431
2021-08-11,112.4900,113.6350,111.2900,111.7900,238180
2021-08-10,114.9500,114.9500,111.6650,112.4200,422654
2021-08-09,115.7900,116.1600,114.4110,114.7600,317494
2021-08-06,116.5400,117.2700,115.6300,115.6900,247117
2021-08-05,115.3400,116.8100,114.7100,116.4100,232886
2021-08-04,114.5300,115.4600,114.5300,115.0800,126944
2021-08-03,115.0000,115.1000,113.8000,114.5100,150549
2021-08-02,115.4900,115.8700,114.4700,114.9100,231782
2021-07-30,113.4400,115.6000,113.4400,115.2000,268791
2021-07-29,112.8300,114.8800,112.8300,114.1200,250974
2021-07-28,112.6300,113.2500,112.3100,112.7800,278820
2021-07-27,113.6100,113.6300,111.1000,112.1300,451030
2021-07-26,114.7500,114.7500,113.2900,113.8900,238480
2021-07-23,114.2000,115.3400,113.8600,114.8900,224722
2021-07-22,115.0100,115.6500,114.2700,114.4900,487070
2021-07-21,113.1900,114.8900,112.7550,114.7600,277528
2021-07-20,111.8000,114.3100,109.9800,113.1200,595304
2021-07-19,108.7900,111.0100,107.9400,110.9300,576074
2021-07-16,108.7700,110.2900,108.7100,109.8700,399774
2021-07-15,108.4700,109.6000,107.4350,108.1500,406697
2021-07-14,110.6800,110.8300,108.7600,108.8000,348452
2021-07-13,111.4100,111.9594,110.3000,110.4400,312635
2021-07-12,111.9900,112.2100,110.1500,110.7500,278548
2021-07-09,110.7900,111.8100,109.8800,111.6600,232403
2021-07-08,110.2400,111.7400,109.9400,110.8100,404294
2021-07-07,114.1000,114.1000,111.5400,111.8700,376151
2021-07-06,113.0300,114.0000,112.4300,113.3200,335811
2021-07-02,113.5300,114.1000,112.8400,113.1000,235390
2021-07-01,112.2100,113.3800,111.8400,112.6600,422341
2021-06-30,115.9500,115.9500,112.3200,112.7200,996532
2021-06-29,115.6700,116.4100,115.1700,116.0000,378935
2021-06-28,115.7000,116.1250,114.9100,115.6800,360547
2021-06-25,114.2100,115.1600,113.7600,115.1600,994830
2021-06-24,112.9000,114.2000,112.1000,113.9500,481231
2021-06-23,111.8600,112.7200,111.7200,112.0300,467735
2021-06-22,111.7500,112.2800,111.1100,112.1900,639130
2021-06-21,111.9500,112.3600,110.3100,111.7600,437665
2021-06-18,112.2400,113.7200,111.8600,112.5600,1981696
2021-06-17,112.0600,113.3200,110.7800,113.2500,758663
2021-06-16,111.0000,113.2200,109.0800,112.7300,959645
2021-06-15,112.9400,112.9700,111.8400,112.1200,894244
2021-06-14,110.9200,114.1200,110.2000,113.2900,1142148
2021-06-11,109.1200,110.3600,108.6900,110.1600,536664
2021-06-10,106.4900,110.0000,106.3650,109.4600,627560
2021-06-09,106.0900,107.5600,106.0000,106.5600,599948
2021-06-08,104.2800,106.0600,103.9000,105.8600,583936
2021-06-07,104.0000,104.5000,102.3000,103.7200,548242
2021-06-04,101.8200,105.8100,101.6100,104.2800,954842
2021-06-03,99.6000,102.9450,98.3500,101.3500,1007283
2021-06-02,97.1000,98.4800,96.7000,97.8900,607369
2021-06-01,97.7900,98.2400,96.8000,97.4000,388415
2021-05-28,99.1100,100.0300,97.7400,97.7400,479261
2021-05-27,96.5400,98.1500,95.4600,98.0700,767532
2021-05-26,96.8500,97.7300,96.2300,97.2500,329394
2021-05-25,97.9300,97.9300,96.1300,96.1800,418515
