timestamp,open,high,low,close,volume
2021-10-14,24.4300,24.7100,24.2050,24.3500,26106710
2021-10-13,23.8300,24.3100,23.7900,24.1300,28494029
2021-10-12,23.5500,23.8100,23.2900,23.6900,26280035
2021-10-11,23.2600,23.9800,23.2600,23.5300,23971679
2021-10-08,23.8600,24.0955,23.1100,23.5000,39713420
2021-10-07,23.7100,24.1300,23.5400,23.7300,38873699
2021-10-06,24.9100,25.0100,23.3500,23.5800,125175676
2021-10-05,23.2100,23.8800,23.0700,23.2100,56574824
2021-10-04,24.0100,24.0500,23.0200,23.1700,46789720
2021-10-01,24.2100,24.3600,23.7200,24.3300,32777971
2021-09-30,24.6900,25.0500,23.8800,24.0400,59505593
2021-09-29,25.6100,25.7000,24.4200,24.5200,46164524
2021-09-28,27.0200,27.1300,25.2100,25.3400,64206202
2021-09-27,28.2300,28.3800,27.2300,27.4700,44102849
2021-09-24,28.2700,28.7600,27.9014,28.5600,40309743
2021-09-23,27.7100,29.1900,27.6700,28.7700,60028602
2021-09-22,26.6100,27.7700,26.5822,27.4300,44308146
2021-09-21,26.8900,27.1490,26.0800,26.6200,50933596
2021-09-20,27.5700,28.0999,26.0600,26.5500,89413466
2021-09-17,28.6600,29.2900,28.0700,28.7100,182214590
2021-09-16,27.2000,28.7900,27.0200,28.6300,109991984
2021-09-15,26.3000,27.1500,26.0300,27.0800,49555491
2021-09-14,25.9700,26.7000,25.9000,26.2600,34568976
2021-09-13,26.1500,26.2390,25.0300,25.8300,42372268
2021-09-10,26.1800,26.7300,26.1700,26.2800,37307791
2021-09-09,25.3900,26.2400,25.2900,26.1300,34190814
2021-09-08,26.6000,26.6100,24.9600,25.5800,54394364
2021-09-07,26.7900,26.8800,26.2701,26.7000,35835094
2021-09-03,26.4900,26.7500,26.2200,26.6400,26652612
2021-09-02,26.2100,26.8700,26.0900,26.5100,38507376
2021-09-01,26.4600,26.5100,26.0300,26.2000,34417234
2021-08-31,25.7900,26.3600,25.6600,26.3400,93168646
2021-08-30,25.7400,26.6000,25.6200,25.7600,44139329
2021-08-27,25.0500,26.0900,24.9100,25.7100,52268503
2021-08-26,24.4000,25.4100,24.3600,24.8700,46179423
2021-08-25,25.1200,25.1900,24.0700,24.3500,54678454
2021-08-24,25.0000,25.3500,24.7600,25.1000,37227370
2021-08-23,24.0200,24.9300,23.9000,24.8200,35705261
2021-08-20,24.2200,24.4800,23.6600,24.0100,52062313
2021-08-19,25.0100,25.6400,24.1400,24.1600,67605646
2021-08-18,24.0700,25.9400,23.6800,25.2800,92065605
2021-08-17,23.9000,24.5900,23.7400,23.9700,35348320
2021-08-16,24.9000,24.9000,23.7700,24.5000,46189789
2021-08-13,25.0000,25.1000,24.3100,24.9000,52106459
2021-08-12,24.4500,25.7600,23.5850,24.8900,189542237
2021-08-11,23.0700,23.1900,22.0900,22.3500,34678970
2021-08-10,23.0100,23.5200,22.7800,22.9200,25947920
2021-08-09,21.8500,23.2800,21.8000,22.9300,35611060
2021-08-06,22.6400,22.6900,21.7900,21.8200,24200671
2021-08-05,22.2200,22.7700,22.0200,22.5200,18575248
2021-08-04,22.2000,22.5400,22.0700,22.3000,15537433
2021-08-03,22.0300,22.2700,21.7100,22.2400,17040068
2021-08-02,21.9100,22.3700,21.4800,22.1000,21372877
2021-07-30,21.8500,22.4060,21.7100,21.7100,15889153
2021-07-29,22.7800,22.8500,22.1400,22.1800,18975215
2021-07-28,21.7500,22.6150,21.6900,22.5600,25073557
2021-07-27,21.9600,22.1100,21.0900,21.6800,23078733
2021-07-26,21.8000,22.3000,21.4800,22.1300,16267893
2021-07-23,22.0100,22.0800,21.5100,21.8100,17653323
2021-07-22,22.5500,22.6700,21.8800,22.0700,17468879
2021-07-21,22.2700,22.6800,22.1200,22.5200,20437265
2021-07-20,21.6300,22.3500,21.2200,22.1800,22954034
2021-07-19,20.9700,21.6900,20.5500,21.5400,30314387
2021-07-16,21.6000,21.7100,21.2400,21.3700,19503109
2021-07-15,21.7200,22.0550,21.0100,21.4700,31870960
2021-07-14,22.4900,22.6200,21.5100,21.5600,33796192
2021-07-13,22.9800,22.9900,22.4200,22.4500,24748843
2021-07-12,23.2600,23.4950,22.8800,22.9500,23457170
2021-07-09,22.9600,23.3900,22.7600,23.2900,22492370
2021-07-08,22.4300,23.2100,22.2500,23.0800,34612558
2021-07-07,24.2300,24.2600,22.7200,22.8900,66937305
2021-07-06,24.6000,25.2000,24.4700,24.6800,28764530
2021-07-02,25.0000,25.3400,24.3300,24.4400,29529097
2021-07-01,26.1000,26.1300,24.5900,24.7200,55571523
2021-06-30,26.4800,26.9200,26.2100,26.3600,28957136
2021-06-29,27.3800,27.4400,26.4400,26.6300,38478919
2021-06-28,26.9800,27.5000,26.8600,27.3800,42184606
2021-06-25,26.5800,27.0100,26.2450,26.7800,140832704
2021-06-24,26.4900,26.7100,26.1700,26.5300,48419360
2021-06-23,25.4600,26.3500,25.3400,26.2700,53362161
2021-06-22,25.3900,25.5200,24.9600,25.4000,46171052
2021-06-21,25.1000,25.5500,24.5100,25.4200,54805001
2021-06-18,25.5900,25.9400,25.0200,25.3700,65852610
2021-06-17,24.6800,25.4600,24.5500,25.4500,64408370
2021-06-16,24.0900,24.9400,23.8600,24.8000,58179613
2021-06-15,25.0300,25.5500,24.3900,24.4100,46693199
2021-06-14,24.7300,25.1500,24.4700,25.0000,51801476
2021-06-11,24.1200,24.7100,24.0300,24.6700,33113056
2021-06-10,24.0000,24.3900,23.4400,24.1400,35482902
2021-06-09,24.4500,24.7400,24.1700,24.1700,36006240
2021-06-08,24.8500,25.2300,23.9300,24.3800,53488561
2021-06-07,24.0000,24.7600,23.7900,24.4600,49641037
2021-06-04,23.7100,24.4900,23.5000,24.0300,42537599
2021-06-03,24.1400,24.2600,23.3400,23.6300,48164194
2021-06-02,23.0200,24.8400,22.8200,24.4500,86473158
2021-06-01,23.1900,23.3499,22.3600,23.0600,52695506
2021-05-28,23.0000,24.7500,22.7600,22.9500,111845970
2021-05-27,22.0100,22.7000,21.6500,22.7000,76230463
2021-05-26,21.5800,22.2400,21.4900,22.1200,42958297
2021-05-25,21.4200,22.1100,21.2800,21.4800,49890803
