timestamp,open,high,low,close,volume
2021-10-14,286.0000,290.6400,284.6600,290.0200,5435676
2021-10-13,280.0000,285.1000,278.6000,284.4100,6575213
2021-10-12,276.4200,280.7496,276.0242,279.0000,5970095
2021-10-11,271.7800,276.2700,271.5100,273.7500,2693021
2021-10-08,275.5400,276.9200,272.2700,272.4800,2683286
2021-10-07,276.9000,279.5000,274.0850,274.5800,5374204
2021-10-06,269.6700,275.4900,267.5000,275.2700,4745485
2021-10-05,272.1100,273.5490,271.0300,271.7700,4050404
2021-10-04,275.2200,275.3000,266.1400,270.8600,6393840
2021-10-01,271.5000,276.3400,268.7700,275.2600,4756004
2021-09-30,270.6500,274.2600,270.4400,271.2200,5226998
2021-09-29,273.4900,274.6822,269.2400,270.5000,4361850
2021-09-28,275.1100,276.7000,270.0400,272.2800,7127081
2021-09-27,282.4400,283.7600,279.0400,279.6800,5941145
2021-09-24,278.5000,286.3600,278.2100,285.6300,13368305
2021-09-23,270.0000,279.3900,266.4000,277.8600,15617209
2021-09-22,258.9000,260.3590,256.2100,259.1700,4355561
2021-09-21,259.4700,262.5500,257.7700,257.9700,6040565
2021-09-20,256.5900,259.2150,254.9400,258.2200,5985544
2021-09-17,259.2700,261.7000,258.6800,260.5300,7053537
2021-09-16,255.5300,261.2200,255.0000,260.3600,5122575
2021-09-15,254.5400,256.7450,252.9500,256.1600,4764574
2021-09-14,254.1100,255.1100,253.0000,254.3700,4097542
2021-09-13,257.0000,257.6891,252.1900,254.1100,5258184
2021-09-10,261.0000,261.5899,256.5000,257.2000,5280883
2021-09-09,261.8200,263.7100,260.4510,260.7400,4126467
2021-09-08,263.6200,264.3400,261.5800,262.6200,3851513
2021-09-07,266.5400,267.9000,264.0700,265.2100,4673779
2021-09-03,263.6000,267.4100,261.8001,267.0800,7357515
2021-09-02,269.0000,269.2600,263.9200,264.1500,4499608
2021-09-01,266.2700,273.2600,265.5900,268.3200,7189035
2021-08-31,264.7700,266.7700,262.7000,265.2700,5901518
2021-08-30,265.8100,267.5800,264.7500,264.9700,5729953
2021-08-27,267.8600,270.9100,265.4300,266.5300,7992509
2021-08-26,269.8000,275.2200,267.3600,267.7900,18986966
2021-08-25,260.8600,261.9000,258.7450,260.8500,9700952
2021-08-24,261.9200,262.5000,259.0588,259.6600,6685164
2021-08-23,257.0000,261.8550,256.5700,260.5200,7603867
2021-08-20,253.0000,257.8700,252.6100,256.1300,5510730
2021-08-19,249.1700,255.4399,248.3800,253.0700,6600793
2021-08-18,248.0000,256.7950,247.7200,251.2200,8306650
2021-08-17,248.2600,249.2000,245.9400,246.9900,3472597
2021-08-16,250.1700,251.0000,244.4700,249.2000,4048733
2021-08-13,251.7100,253.7700,248.8700,251.5600,5910389
2021-08-12,242.5000,248.4300,241.9300,248.3900,4468390
""
2021-08-11,244.6700,246.1500,240.1000,242.2800,3999205
2021-08-10,250.8700,251.2500,243.0400,243.3900,4430617
2021-08-09,251.4200,252.4200,247.8500,249.3200,3312170
2021-08-06,249.2300,252.0800,249.2200,250.5900,4045384
2021-08-05,244.6800,250.9015,243.5418,250.5600,5235193
2021-08-04,241.6200,244.6500,239.6700,244.1700,4121614
2021-08-03,241.3800,243.0500,239.0400,241.1300,3077919
2021-08-02,242.3100,242.4700,238.8800,240.8600,3525726
2021-07-30,243.0000,244.2400,241.6300,241.9300,3748445
2021-07-29,243.4900,246.1600,243.4900,244.0400,3200926
2021-07-28,243.8200,246.0800,243.0000,243.9600,4100237
2021-07-27,247.2100,248.1300,241.1900,243.5100,6352540
2021-07-26,248.2000,248.4800,245.8200,247.6000,3960897
2021-07-23,250.0000,250.5600,246.6800,248.2500,5877259
2021-07-22,243.5000,248.7000,243.3400,248.2800,7868703
2021-07-21,241.4400,242.9800,238.2700,242.1100,15323125
2021-07-20,238.7000,243.1800,236.2700,240.1100,8486974
2021-07-19,236.5100,238.5000,234.3101,237.5500,8842963
2021-07-16,238.3000,240.8800,237.7700,238.4300,7288104
2021-07-15,241.2200,242.0250,235.8201,237.5800,7912574
2021-07-14,244.5000,246.1450,239.8700,242.4300,6375745
2021-07-13,242.2900,247.1550,241.6800,244.0200,6699829
2021-07-12,247.2200,247.2600,241.8500,242.9100,5604490
2021-07-09,245.5900,248.0000,244.0900,245.0600,4213545
2021-07-08,244.8400,246.5800,241.7400,245.8000,5159623
2021-07-07,253.0000,253.5000,247.8600,248.4400,5101415
2021-07-06,249.0000,252.9200,248.3759,250.2500,5590223
2021-07-02,246.9200,248.9600,245.8400,248.2000,4056827
2021-07-01,244.5000,246.5900,242.6200,244.9800,3899605
2021-06-30,245.4800,246.6250,243.5000,244.2700,4168762
2021-06-29,244.4400,246.7800,242.4300,245.8100,3871917
2021-06-28,244.2100,247.5900,243.6000,244.5700,4274889
2021-06-25,244.1900,244.2000,240.9900,241.8700,15409267
2021-06-24,243.3500,247.6900,242.7000,243.7700,4987330
2021-06-23,243.7500,244.5000,240.8500,241.8400,4482408
2021-06-22,243.8000,244.7200,240.8895,243.1100,4457165
2021-06-21,243.4500,244.7200,238.8900,244.4800,5895120
2021-06-18,241.8500,246.0100,241.0600,242.7800,7822172
2021-06-17,242.0000,247.1800,241.2000,244.4300,5170176
2021-06-16,242.0000,245.0100,239.4800,242.3900,5079270
2021-06-15,245.2100,245.3550,242.0100,242.5800,5135289
2021-06-14,240.7000,246.6400,240.4800,246.2600,6764691
2021-06-11,239.0300,240.3700,238.4100,240.3100,4624184
2021-06-10,236.0000,240.2900,235.1500,240.1900,4659511
2021-06-09,238.8700,238.8700,235.5100,236.0900,3350916
2021-06-08,238.8000,241.7900,235.6700,236.4200,5827260
2021-06-07,236.6000,239.4700,235.8400,238.1400,3510776
2021-06-04,231.6300,237.8900,231.5200,237.4800,6177588
2021-06-03,232.8900,233.1800,229.4300,230.8400,5109029
2021-06-02,234.4000,238.2900,233.9000,234.6200,5543876
2021-06-01,238.0000,238.4000,232.4600,236.2000,8103888
2021-05-28,239.2200,243.5000,237.8300,238.1000,17814520
2021-05-27,229.5200,229.5200,225.3900,225.8300,15344063
2021-05-26,228.4800,230.2400,228.2900,229.6800,5807104
2021-05-25,228.0000,229.7200,226.2800,227.7100,6256329
