timestamp,open,high,low,close,volume
2021-10-14,790.0400,817.3300,776.5100,789.0600,861775
2021-10-13,766.0800,792.7300,765.7000,786.2500,977426
2021-10-12,692.5700,814.9000,685.9350,758.2700,1980307
2021-10-11,675.0000,696.6200,671.4000,682.7200,440866
2021-10-08,685.0000,688.0000,671.2800,679.8700,460964
2021-10-07,677.5600,691.2200,676.0000,683.6300,421222
2021-10-06,640.0000,673.9200,638.3404,666.7500,482233
2021-10-05,634.2000,657.9421,632.0000,648.8500,478310
2021-10-04,678.0000,678.2600,622.0400,633.7900,888081
2021-10-01,675.3600,686.4700,652.2600,684.2300,505681
2021-09-30,681.9900,695.4000,676.0900,676.0900,447478
2021-09-29,680.0000,699.3100,673.6309,681.2400,491573
2021-09-28,692.3900,692.9300,661.1940,671.7100,664283
2021-09-27,722.1500,722.1500,685.0650,708.9600,667525
2021-09-24,728.0200,733.0800,714.4900,732.1400,309114
2021-09-23,710.6800,736.1500,708.0900,734.2800,491642
2021-09-22,693.6400,718.5800,691.9200,711.4300,440029
2021-09-21,694.8500,697.6800,679.2050,694.6200,364024
2021-09-20,680.8300,691.6950,673.8000,686.3400,400321
2021-09-17,701.2300,711.3100,687.3200,696.6800,609825
2021-09-16,677.8700,703.8150,677.2000,703.1000,373561
2021-09-15,671.8300,681.1400,662.6800,679.3500,433604
2021-09-14,675.0000,687.5150,671.0000,671.8300,442711
2021-09-13,670.7700,676.8700,647.5200,670.0100,502867
2021-09-10,683.8300,689.4400,668.8700,670.7700,280783
2021-09-09,683.1300,694.6000,679.4500,681.8900,231541
2021-09-08,686.4900,690.5400,677.3350,680.6800,214316
2021-09-07,704.5200,707.1250,682.3300,687.1000,388198
2021-09-03,685.0000,707.0600,681.7000,704.0900,244352
2021-09-02,689.5400,691.8000,677.0000,684.4000,240896
2021-09-01,685.0000,692.0000,680.6300,685.0500,539999
2021-08-31,702.0000,704.2681,683.3400,684.4700,387205
2021-08-30,706.7300,715.2900,698.2000,701.5800,254632
2021-08-27,687.5800,704.9899,685.0000,702.5500,405229
2021-08-26,686.8500,695.5600,680.0000,683.9300,328605
2021-08-25,673.0000,686.2300,669.0700,685.2500,270551
2021-08-24,680.0000,686.6100,670.6500,672.6500,283827
2021-08-23,665.0000,676.6900,665.0000,675.2300,248894
2021-08-20,651.1300,666.0200,649.0200,663.6600,377782
2021-08-19,645.0000,658.2100,638.2700,648.0800,275592
2021-08-18,650.0000,661.6200,645.5500,648.3500,461106
2021-08-17,651.5000,652.0000,636.2100,648.1800,310329
2021-08-16,666.3100,667.0650,641.2000,656.5300,396541
2021-08-13,665.0100,675.0000,661.7401,667.3300,341644
2021-08-12,652.0100,679.1900,651.1400,665.5000,623378
2021-08-11,653.1800,662.5500,645.6500,655.1100,688635
2021-08-10,657.7300,667.0000,648.4800,656.5000,792495
2021-08-09,659.0000,666.6650,652.9297,657.5200,617662
2021-08-06,655.1500,660.6900,648.1500,659.0500,538555
2021-08-05,627.2700,660.9900,622.0500,660.0000,1167468
2021-08-04,582.0000,596.5915,577.3100,590.0000,549722
2021-08-03,598.4000,601.2700,572.3100,583.8900,367317
2021-08-02,598.0000,602.8900,588.0950,596.0000,520798
2021-07-30,579.3900,596.5000,576.0600,596.0200,512687
2021-07-29,584.3900,593.5400,582.4240,582.8900,192531
2021-07-28,583.5000,592.9900,580.6600,589.0200,218096
2021-07-27,599.3900,600.0000,575.2425,585.8700,342096
2021-07-26,583.9800,597.7699,572.6900,597.6200,517225
2021-07-23,590.8800,595.0000,576.0000,580.3400,406396
2021-07-22,586.8800,593.4200,580.5100,587.9900,246583
2021-07-21,576.0900,589.9350,576.0900,584.4900,232882
2021-07-20,562.0300,583.0800,547.3800,576.7500,421890
2021-07-19,550.0000,567.4600,546.2400,556.4500,448460
2021-07-16,556.3700,560.7364,549.1575,559.5900,267713
2021-07-15,555.3400,559.6275,543.1700,550.7200,449481
2021-07-14,580.0700,583.9400,554.1300,554.6800,495177
2021-07-13,588.4400,592.2000,576.0600,576.4200,359362
2021-07-12,608.0000,612.1000,586.3800,587.9800,267562
2021-07-09,601.9800,607.2100,592.5000,602.9000,261467
2021-07-08,595.0000,604.0900,580.0701,601.1500,363229
2021-07-07,610.0000,616.4499,600.4600,609.3300,312461
2021-07-06,594.5500,616.2509,594.5500,602.0700,355299
2021-07-02,592.0000,597.5000,585.7000,591.1100,254269
2021-07-01,578.8200,589.8900,574.8150,586.0900,279262
2021-06-30,596.0200,599.5200,582.0727,582.7200,324091
2021-06-29,592.2900,601.1600,586.7500,596.4400,313664
2021-06-28,589.6000,604.7000,587.3150,594.4500,381561
2021-06-25,588.0000,591.8700,576.1700,582.3100,684967
2021-06-24,596.9600,605.7350,584.3700,588.2900,391316
2021-06-23,589.1700,596.9800,586.1800,590.8200,275315
2021-06-22,576.1600,589.3900,573.4264,586.6200,325867
2021-06-21,588.3100,589.9900,564.0625,575.5000,451780
2021-06-18,569.4200,596.0400,565.6028,593.5300,735434
2021-06-17,548.0400,580.8800,548.0400,570.8400,541976
2021-06-16,535.0000,558.5200,533.8200,553.1700,655589
2021-06-15,534.1300,537.7150,525.0000,535.0000,269798
2021-06-14,518.4100,541.0000,518.4100,537.2600,468250
2021-06-11,504.0100,519.9800,501.8400,519.6800,364149
2021-06-10,497.2700,504.2000,496.3000,502.4300,278739
2021-06-09,509.1700,515.8300,497.1300,497.3500,233642
2021-06-08,503.0600,512.6000,498.0000,507.3400,319493
2021-06-07,487.0000,504.4700,487.0000,498.5900,319431
2021-06-04,480.5900,492.7000,480.0500,490.2100,407234
2021-06-03,477.6800,481.8072,469.4500,472.7100,320143
2021-06-02,486.5500,491.0900,482.0500,483.3200,413376
2021-06-01,506.9000,507.3100,491.2000,492.0300,366824
2021-05-28,504.9000,513.5100,501.5000,504.3800,330825
2021-05-27,500.9600,504.4400,489.9100,498.6700,587723
2021-05-26,509.4900,513.2900,499.4700,504.2500,648959
2021-05-25,510.9800,518.5900,499.8000,501.9000,435507
